TECHNOLOGIES	 c_inv	 c_maint	 lifetime	  f_min	 f	 f_max	 fmin_perc	f_perc	 fmax_perc	 c_p	 c_p_max	 tau	 gwp_constr
 UNITS	[MCHCapitalf/GW]	 [MCHCapitalf/GW]	 [y]	 [GW or GWh]	 [GW or GWh]	 [GW or GWh]	 [0-1]	 [0-1]	 [0-1]	 [0-1]	 [0-1]	 [-]	 [ktCO2-eq./GW or GWh] 
NUCLEAR	0.000000	0.000000	60.000000	0.000000	0.000000	0.000000	0.000000	0.000000	1.000000	0.000000	0.849000	0.025393	0.000000	
CCGT	3030.067656	77.441474	25.000000	0.000000	3.925000	20.000000	0.000000	0.000000	1.000000	0.000000	0.850000	0.048263	721.375750	
COAL_US	0.000000	0.000000	35.000000	0.000000	0.000000	10.000000	0.000000	0.000000	1.000000	0.000000	0.868000	0.036934	0.000000	
COAL_IGCC	0.000000	0.000000	35.000000	0.000000	0.000000	10.000000	0.000000	0.000000	1.000000	0.000000	0.856000	0.036934	0.000000	
PV	402695.474374	3382.641985	25.000000	3.846000	402.695474	1000.000000	0.000000	0.973245	1.000000	0.070204	1.000000	0.048263	838182.441225	
WIND_ONSHORE	10400.000000	126.000000	20.000000	0.000000	10.000000	10.000000	0.000000	0.019811	1.000000	0.057306	1.000000	0.058246	6228.500000	
WIND_OFFSHORE	5810.000000	119.875000	20.000000	0.000000	3.500000	3.500000	0.000000	0.006732	1.000000	0.055670	1.000000	0.058246	2179.975000	
HYDRO_RIVER	832.411789	8.323392	40.000000	0.000000	0.165000	0.165000	0.000000	0.000212	1.000000	0.037190	1.000000	0.033427	208.365300	
GEOTHERMAL	0.000000	0.000000	30.000000	0.000000	0.000000	0.000000	0.000000	0.000000	1.000000	0.000000	0.860000	0.041639	0.000000	
IND_COGEN_GAS	6193.975193	407.400805	25.000000	0.000000	4.399022	100.000000	0.000000	0.120661	1.000000	0.207210	0.850000	0.048263	4506.006671	
IND_COGEN_WOOD	0.000000	0.000000	25.000000	0.000000	0.000000	100.000000	0.000000	0.000000	1.000000	0.000000	0.850000	0.048263	0.000000	
IND_COGEN_WASTE	1033.537326	39.296414	25.000000	0.000000	0.353000	100.000000	0.000000	0.000000	1.000000	0.000000	0.850000	0.048263	228.680460	
IND_BOILER_GAS	185.192305	3.710324	17.000000	0.000000	3.144647	100.000000	0.000000	0.084281	1.000000	0.192794	0.950000	0.067080	38.742053	
IND_BOILER_WOOD	314.186421	6.283728	17.000000	0.000000	2.727802	100.000000	0.000000	0.154485	1.000000	0.422763	0.900000	0.067080	78.751652	
IND_BOILER_OIL	0.000000	0.000000	17.000000	0.000000	0.000000	100.000000	0.000000	0.000000	1.000000	0.000000	0.950000	0.067080	0.000000	
IND_BOILER_COAL	0.000000	0.000000	17.000000	0.000000	0.000000	100.000000	0.000000	0.000000	1.000000	0.000000	0.900000	0.067080	0.000000	
IND_BOILER_WASTE	275.527670	5.510553	17.000000	0.000000	2.392163	100.000000	0.000000	0.124159	1.000000	0.383486	0.900000	0.067080	69.061734	
IND_DIRECT_ELEC	2429.050918	11.019053	15.000000	0.000000	7.308849	100.000000	0.000000	0.516414	1.000000	0.529276	0.950000	0.074944	10.744008	
DHN_HP_ELEC	2995.745074	104.233084	25.000000	0.000000	8.689345	100.000000	0.000000	0.751904	1.000000	0.442773	0.950000	0.048263	1518.810620	
DHN_COGEN_GAS	874.809673	26.172394	25.000000	0.000000	0.697343	100.000000	0.000000	0.040386	1.000000	0.296193	0.850000	0.048263	342.311641	
DHN_COGEN_WOOD	392.328252	14.698118	25.000000	0.000000	0.363000	100.000000	0.000000	0.017165	1.000000	0.239204	0.850000	0.048263	60.014790	
DHN_COGEN_WET_BIOMASS	3120.785067	194.038450	25.000000	0.000000	0.898326	100.000000	0.000000	0.100220	1.000000	0.568282	0.800000	0.048263	919.885984	
DHN_COGEN_WASTE	149.321257	5.677386	25.000000	0.000000	0.051000	100.000000	0.000000	0.000000	1.000000	0.000000	0.850000	0.048263	33.038820	
DHN_BOILER_GAS	33.466151	0.670494	17.000000	0.000000	0.568270	100.000000	0.000000	0.009340	1.000000	0.084932	0.950000	0.067080	7.001087	
DHN_BOILER_WOOD	251.144449	5.022889	17.000000	0.000000	2.180465	100.000000	0.000000	0.080548	1.000000	0.189567	0.900000	0.067080	62.950016	
DHN_BOILER_OIL	346.900330	7.461496	17.000000	0.000000	6.323914	100.000000	0.000000	0.000438	1.000000	0.000358	0.950000	0.067080	77.910616	
DHN_DEEP_GEO	13.500000	0.252000	30.000000	0.000000	0.009000	100.000000	0.000000	0.000000	1.000000	0.000000	0.850000	0.041639	7.278840	
DHN_SOLAR	0.000000	0.000000	30.000000	0.000000	0.000000	100.000000	0.000000	0.000000	1.000000	0.000000	1.000000	0.041639	0.000000	
DEC_HP_ELEC	5010.867192	214.376809	18.000000	0.000000	10.183852	100.000000	0.000000	0.288492	1.000000	0.269794	1.000000	0.063806	1679.215369	
DEC_THHP_GAS	0.000000	0.000000	20.000000	0.000000	0.000000	100.000000	0.000000	0.000000	0.000000	0.000000	1.000000	0.058246	0.000000	
DEC_COGEN_GAS	684.892258	45.047913	20.000000	0.000000	0.486417	100.000000	0.000000	0.006535	1.000000	0.128591	1.000000	0.058246	498.246924	
DEC_COGEN_OIL	0.000000	0.000000	20.000000	0.000000	0.000000	100.000000	0.000000	0.000000	1.000000	0.000000	1.000000	0.058246	0.000000	
DEC_ADVCOGEN_GAS	0.000000	0.000000	20.000000	0.000000	0.000000	100.000000	0.000000	0.000000	1.000000	0.000000	1.000000	0.058246	0.000000	
DEC_ADVCOGEN_H2	0.000000	0.000000	20.000000	0.000000	0.000000	100.000000	0.000000	0.000000	1.000000	0.000000	1.000000	0.058246	0.000000	
DEC_BOILER_GAS	3218.955967	96.587692	17.000000	0.000000	20.304330	100.000000	0.000000	0.402687	1.000000	0.188610	1.000000	0.067080	428.218321	
DEC_BOILER_WOOD	0.000000	0.000000	17.000000	0.000000	0.000000	100.000000	0.000000	0.000000	1.000000	0.000000	1.000000	0.067080	0.000000	
DEC_BOILER_OIL	0.000000	0.000000	17.000000	0.000000	0.000000	100.000000	0.000000	0.000000	1.000000	0.000000	1.000000	0.067080	0.000000	
DEC_SOLAR	32790.240413	368.938243	20.000000	0.000000	45.600596	100.000000	0.000000	0.302287	1.000000	0.063298	1.000000	0.058246	10087.763867	
DEC_DIRECT_ELEC	0.000000	0.000000	15.000000	0.000000	0.000000	100.000000	0.000000	0.000000	1.000000	0.000000	1.000000	0.074944	0.000000	
TRAMWAY_TROLLEY	0.000000	0.000000	10.000000	0.000000	16.700000	16.700000	0.000000	0.240183	0.300000	0.081280	1.000000	0.108434	0.000000	
BUS_COACH_DIESEL	0.000000	0.000000	10.000000	0.000000	16.700000	16.700000	0.000000	0.095987	0.300000	0.032483	1.000000	0.108434	0.000000	
BUS_COACH_HYDIESEL	0.000000	0.000000	10.000000	0.000000	16.700000	16.700000	0.000000	0.000000	0.300000	0.000000	1.000000	0.108434	0.000000	
BUS_COACH_CNG_STOICH	0.000000	0.000000	10.000000	0.000000	16.700000	16.700000	0.000000	0.063830	0.300000	0.021601	1.000000	0.108434	0.000000	
BUS_COACH_FC_HYBRIDH2	0.000000	0.000000	10.000000	0.000000	16.700000	16.700000	0.000000	0.000000	0.200000	0.000000	1.000000	0.108434	0.000000	
TRAIN_PUB	0.000000	0.000000	10.000000	0.000000	16.700000	16.700000	0.000000	0.600000	0.600000	0.203046	1.000000	0.108434	0.000000	
CAR_GASOLINE	0.000000	0.000000	10.000000	0.000000	16.700000	16.700000	0.000000	0.000000	1.000000	0.000000	1.000000	0.108434	0.000000	
CAR_DIESEL	0.000000	0.000000	10.000000	0.000000	16.700000	16.700000	0.000000	0.000000	1.000000	0.000000	1.000000	0.108434	0.000000	
CAR_NG	0.000000	0.000000	10.000000	0.000000	16.700000	16.700000	0.000000	0.000000	1.000000	0.000000	1.000000	0.108434	0.000000	
CAR_HEV	0.000000	0.000000	10.000000	0.000000	16.700000	16.700000	0.000000	0.000000	1.000000	0.000000	1.000000	0.108434	0.000000	
CAR_PHEV	0.000000	0.000000	10.000000	0.000000	16.700000	16.700000	0.000000	0.000000	1.000000	0.000000	1.000000	0.108434	0.000000	
CAR_BEV	0.000000	0.000000	10.000000	0.000000	16.700000	16.700000	0.000000	1.000000	1.000000	0.987705	1.000000	0.108434	0.000000	
CAR_FUEL_CELL	0.000000	0.000000	10.000000	0.000000	16.700000	16.700000	0.000000	0.000000	1.000000	0.000000	1.000000	0.108434	0.000000	
TRAIN_FREIGHT	0.000000	0.000000	10.000000	0.920000	10.000000	10.000000	0.000000	1.000000	1.000000	0.279680	1.000000	0.108434	0.000000	
BOAT_FREIGHT_DIESEL	0.000000	0.000000	10.000000	0.920000	10.000000	10.000000	0.000000	0.000000	1.000000	0.000000	1.000000	0.108434	0.000000	
BOAT_FREIGHT_NG	0.000000	0.000000	10.000000	0.920000	10.000000	10.000000	0.000000	1.000000	1.000000	0.335616	1.000000	0.108434	0.000000	
TRUCK_DIESEL	0.000000	0.000000	10.000000	0.920000	10.000000	10.000000	0.000000	0.000000	1.000000	0.000000	1.000000	0.108434	0.000000	
TRUCK_FUEL_CELL	0.000000	0.000000	10.000000	0.000000	10.000000	10.000000	0.000000	1.000000	1.000000	0.503425	1.000000	0.108434	0.000000	
TRUCK_NG	0.000000	0.000000	10.000000	0.000000	10.000000	10.000000	0.000000	0.000000	1.000000	0.000000	1.000000	0.108434	0.000000	
NON_ENERGY_OIL	0.000000	0.000000	10.000000	0.000000	100.000000	100.000000	0.000000	0.000000	1.000000	0.000000	1.000000	0.108434	0.000000	
NON_ENERGY_NG	0.000000	0.000000	10.000000	0.000000	100.000000	100.000000	0.000000	1.000000	1.000000	0.116818	1.000000	0.108434	0.000000	
TS_DHN_SEASONAL	18817.501798	104.541677	25.000000	0.000000	34847.225551	100000.000000	0.000000	-1.000000	1.000000	0.000000	1.000000	0.048263	
SEASONAL_NG	0.000000	0.000000	50.000000	0.000000	0.000000	100000.000000	0.000000	-1.000000	1.000000	0.000000	1.000000	0.028572	
SEASONAL_H2	0.000000	0.000000	20.000000	0.000000	0.000000	100000.000000	0.000000	-1.000000	1.000000	0.000000	1.000000	0.058246	
CO2_STORAGE	0.000000	0.000000	30.000000	0.000000	0.000000	100000.000000	0.000000	-1.000000	1.000000	0.000000	1.000000	0.041639	
EFFICIENCY	1712.305861	0.000000	10.000000	0.000000	0.985222	100.000000	0.000000	-1.000000	1.000000	0.000000	1.000000	0.108434	
DHN	16336.504364	0.000000	60.000000	0.000000	19.780662	100.000000	0.000000	-1.000000	1.000000	0.000000	1.000000	0.025393	
GRID	63580.196039	0.000000	80.000000	0.000000	1.111249	100.000000	0.000000	-1.000000	1.000000	0.000000	1.000000	0.021548	
H2_ELECTROLYSIS	5069.049514	506.951248	15.000000	0.000000	16.480159	1000.000000	0.000000	-1.000000	1.000000	0.541112	0.900000	0.074944	
H2_NG	857.387017	81.095259	25.000000	0.000000	1.258562	100.000000	0.000000	-1.000000	1.000000	0.252055	0.860000	0.048263	
H2_BIOMASS	0.000000	0.000000	25.000000	0.000000	0.000000	100.000000	0.000000	-1.000000	1.000000	0.000000	0.860000	0.048263	
GASIFICATION_SNG	0.000000	0.000000	25.000000	0.000000	0.000000	100.000000	0.000000	-1.000000	1.000000	0.000000	0.850000	0.048263	
PYROLYSIS	0.000000	0.000000	25.000000	0.000000	0.000000	100.000000	0.000000	-1.000000	1.000000	0.000000	0.850000	0.048263	
ATM_CCS	0.000000	0.000000	40.000000	0.000000	0.000000	100000.000000	0.000000	-1.000000	1.000000	0.000000	1.000000	0.033427	
INDUSTRY_CCS	6749.827278	169.530546	40.000000	0.000000	2.616212	100000.000000	0.000000	-1.000000	1.000000	0.524010	1.000000	0.033427	
SYN_METHANATION	22451.856767	887.133747	40.000000	0.000000	11.891873	100000.000000	0.000000	-1.000000	1.000000	0.524010	1.000000	0.033427	
BIOMETHANATION	566.401000	4.774000	20.000000	0.000000	0.341000	100.000000	0.000000	-1.000000	1.000000	0.000000	0.850000	0.058246	