TECHNOLOGIES	 c_inv	 c_maint	 lifetime	  f_min	 f	 f_max	 fmin_perc	f_perc	 fmax_perc	 c_p	 c_p_max	 tau	 gwp_constr
 UNITS	[MCHCapitalf/GW]	 [MCHCapitalf/GW]	 [y]	 [GW or GWh]	 [GW or GWh]	 [GW or GWh]	 [0-1]	 [0-1]	 [0-1]	 [0-1]	 [0-1]	 [-]	 [ktCO2-eq./GW or GWh] 
NUCLEAR	28710.977618	609.866092	60.000000	0.000000	5.925000	5.925000	0.000000	0.297740	1.000000	0.849000	0.849000	0.025393	4194.189000	
CCGT	3030.067656	77.441474	25.000000	0.000000	3.925000	20.000000	0.000000	0.000000	1.000000	0.000000	0.850000	0.048263	721.375750	
COAL_US	0.000000	0.000000	35.000000	0.000000	0.000000	10.000000	0.000000	0.000000	1.000000	0.000000	0.868000	0.036934	0.000000	
COAL_IGCC	0.000000	0.000000	35.000000	0.000000	0.000000	10.000000	0.000000	0.000000	1.000000	0.000000	0.856000	0.036934	0.000000	
PV	134852.229848	1132.758731	25.000000	3.846000	134.852230	1000.000000	0.000000	0.652107	1.000000	0.081870	1.000000	0.048263	280685.476773	
WIND_ONSHORE	10400.000000	126.000000	20.000000	0.000000	10.000000	10.000000	0.000000	0.046521	1.000000	0.078694	1.000000	0.058246	6228.500000	
WIND_OFFSHORE	1181.920000	24.386000	20.000000	0.000000	0.712000	3.500000	0.000000	0.003018	1.000000	0.071655	1.000000	0.058246	443.469200	
HYDRO_RIVER	832.411789	8.323392	40.000000	0.000000	0.165000	0.165000	0.000000	0.000614	1.000000	0.063094	1.000000	0.033427	208.365300	
GEOTHERMAL	0.000000	0.000000	30.000000	0.000000	0.000000	0.000000	0.000000	0.000000	1.000000	0.000000	0.860000	0.041639	0.000000	
IND_COGEN_GAS	3666.041471	241.129194	25.000000	0.000000	2.603659	100.000000	0.000000	0.075561	1.000000	0.218674	0.850000	0.048263	2666.979897	
IND_COGEN_WOOD	0.000000	0.000000	25.000000	0.000000	0.000000	100.000000	0.000000	0.000000	1.000000	0.000000	0.850000	0.048263	0.000000	
IND_COGEN_WASTE	1033.537326	39.296414	25.000000	0.000000	0.353000	100.000000	0.000000	0.000000	1.000000	0.000000	0.850000	0.048263	228.680460	
IND_BOILER_GAS	276.317895	5.536024	17.000000	0.000000	4.692000	100.000000	0.000000	0.186990	1.000000	0.293256	0.950000	0.067080	57.805440	
IND_BOILER_WOOD	150.376102	3.007522	17.000000	0.000000	1.305582	100.000000	0.000000	0.152036	1.000000	0.867499	0.900000	0.067080	37.692165	
IND_BOILER_OIL	127.154640	2.734975	17.000000	0.000000	2.318000	100.000000	0.000000	0.000000	1.000000	0.000000	0.950000	0.067080	28.557760	
IND_BOILER_COAL	359.820208	7.196404	17.000000	0.000000	3.124000	100.000000	0.000000	0.000000	1.000000	0.000000	0.900000	0.067080	150.514320	
IND_BOILER_WASTE	182.865463	3.657309	17.000000	0.000000	1.587659	100.000000	0.000000	0.123550	1.000000	0.577807	0.900000	0.067080	45.835709	
IND_DIRECT_ELEC	2239.122785	10.157470	15.000000	0.000000	6.737368	100.000000	0.000000	0.461864	1.000000	0.513776	0.950000	0.074944	9.903931	
DHN_HP_ELEC	192.661619	6.703412	25.000000	0.000000	0.558827	100.000000	0.000000	0.372984	1.000000	0.307592	0.950000	0.048263	97.677374	
DHN_COGEN_GAS	788.134991	23.579277	25.000000	0.000000	0.628251	100.000000	0.000000	0.455022	1.000000	0.328767	0.850000	0.048263	308.395975	
DHN_COGEN_WOOD	392.328252	14.698118	25.000000	0.000000	0.363000	100.000000	0.000000	0.049638	1.000000	0.063238	0.850000	0.048263	60.014790	
DHN_COGEN_WET_BIOMASS	48.173454	2.995241	25.000000	0.000000	0.013867	100.000000	0.000000	0.012554	1.000000	0.419178	0.800000	0.048263	14.199659	
DHN_COGEN_WASTE	149.321257	5.677386	25.000000	0.000000	0.051000	100.000000	0.000000	0.000000	1.000000	0.000000	0.850000	0.048263	33.038820	
DHN_BOILER_GAS	19.375232	0.388182	17.000000	0.000000	0.329000	100.000000	0.000000	0.104816	1.000000	0.146699	0.950000	0.067080	4.053280	
DHN_BOILER_WOOD	0.000000	0.000000	17.000000	0.000000	0.000000	100.000000	0.000000	0.000000	1.000000	0.000000	0.900000	0.067080	0.000000	
DHN_BOILER_OIL	11.545495	0.248333	17.000000	0.000000	0.210472	100.000000	0.000000	0.004986	1.000000	0.010753	0.950000	0.067080	2.593012	
DHN_DEEP_GEO	13.500000	0.252000	30.000000	0.000000	0.009000	100.000000	0.000000	0.000000	1.000000	0.000000	0.850000	0.041639	7.278840	
DHN_SOLAR	0.000000	0.000000	30.000000	0.000000	0.000000	100.000000	0.000000	0.000000	1.000000	0.000000	1.000000	0.041639	0.000000	
DEC_HP_ELEC	324.359702	13.876879	18.000000	0.000000	0.659213	100.000000	0.000000	0.012861	1.000000	0.283301	1.000000	0.063806	108.697712	
DEC_THHP_GAS	0.000000	0.000000	20.000000	0.000000	0.000000	100.000000	0.000000	0.000000	0.000000	0.000000	1.000000	0.058246	0.000000	
DEC_COGEN_GAS	684.892258	45.047913	20.000000	0.000000	0.486417	100.000000	0.000000	0.007504	1.000000	0.223966	1.000000	0.058246	498.246924	
DEC_COGEN_OIL	0.000000	0.000000	20.000000	0.000000	0.000000	100.000000	0.000000	0.000000	1.000000	0.000000	1.000000	0.058246	0.000000	
DEC_ADVCOGEN_GAS	0.000000	0.000000	20.000000	0.000000	0.000000	100.000000	0.000000	0.000000	1.000000	0.000000	1.000000	0.058246	0.000000	
DEC_ADVCOGEN_H2	0.000000	0.000000	20.000000	0.000000	0.000000	100.000000	0.000000	0.000000	1.000000	0.000000	1.000000	0.058246	0.000000	
DEC_BOILER_GAS	3805.961375	114.201322	17.000000	0.000000	24.007006	100.000000	0.000000	0.430100	1.000000	0.259955	1.000000	0.067080	506.307761	
DEC_BOILER_WOOD	863.926741	30.229739	17.000000	0.000000	1.868191	100.000000	0.000000	0.036427	1.000000	0.283237	1.000000	0.067080	39.400145	
DEC_BOILER_OIL	4127.163428	247.548375	17.000000	0.000000	28.986503	100.000000	0.000000	0.315196	1.000000	0.157792	1.000000	0.067080	611.325354	
DEC_SOLAR	26189.142479	294.666221	20.000000	0.000000	36.420608	100.000000	0.000000	0.197912	1.000000	0.079253	1.000000	0.058246	8056.967009	
DEC_DIRECT_ELEC	0.000000	0.000000	15.000000	0.000000	0.000000	100.000000	0.000000	0.000000	1.000000	0.000000	1.000000	0.074944	0.000000	
TRAMWAY_TROLLEY	0.000000	0.000000	10.000000	0.000000	16.700000	16.700000	0.000000	0.036170	0.300000	0.012240	1.000000	0.108434	0.000000	
BUS_COACH_DIESEL	0.000000	0.000000	10.000000	0.000000	16.700000	16.700000	0.000000	0.300000	0.300000	0.101523	1.000000	0.108434	0.000000	
BUS_COACH_HYDIESEL	0.000000	0.000000	10.000000	0.000000	16.700000	16.700000	0.000000	0.000000	0.300000	0.000000	1.000000	0.108434	0.000000	
BUS_COACH_CNG_STOICH	0.000000	0.000000	10.000000	0.000000	16.700000	16.700000	0.000000	0.063830	0.300000	0.021601	1.000000	0.108434	0.000000	
BUS_COACH_FC_HYBRIDH2	0.000000	0.000000	10.000000	0.000000	16.700000	16.700000	0.000000	0.000000	0.200000	0.000000	1.000000	0.108434	0.000000	
TRAIN_PUB	0.000000	0.000000	10.000000	0.000000	16.700000	16.700000	0.000000	0.600000	0.600000	0.203046	1.000000	0.108434	0.000000	
CAR_GASOLINE	0.000000	0.000000	10.000000	0.000000	16.700000	16.700000	0.000000	0.000000	1.000000	0.000000	1.000000	0.108434	0.000000	
CAR_DIESEL	0.000000	0.000000	10.000000	0.000000	16.700000	16.700000	0.000000	0.601412	1.000000	0.594017	1.000000	0.108434	0.000000	
CAR_NG	0.000000	0.000000	10.000000	0.000000	16.700000	16.700000	0.000000	0.000000	1.000000	0.000000	1.000000	0.108434	0.000000	
CAR_HEV	0.000000	0.000000	10.000000	0.000000	16.700000	16.700000	0.000000	0.000000	1.000000	0.000000	1.000000	0.108434	0.000000	
CAR_PHEV	0.000000	0.000000	10.000000	0.000000	16.700000	16.700000	0.000000	0.000000	1.000000	0.000000	1.000000	0.108434	0.000000	
CAR_BEV	0.000000	0.000000	10.000000	0.000000	16.700000	16.700000	0.000000	0.398588	1.000000	0.393688	1.000000	0.108434	0.000000	
CAR_FUEL_CELL	0.000000	0.000000	10.000000	0.000000	16.700000	16.700000	0.000000	0.000000	1.000000	0.000000	1.000000	0.108434	0.000000	
TRAIN_FREIGHT	0.000000	0.000000	10.000000	0.920000	10.000000	10.000000	0.000000	1.000000	1.000000	0.279680	1.000000	0.108434	0.000000	
BOAT_FREIGHT_DIESEL	0.000000	0.000000	10.000000	0.920000	10.000000	10.000000	0.000000	0.332245	1.000000	0.111507	1.000000	0.108434	0.000000	
BOAT_FREIGHT_NG	0.000000	0.000000	10.000000	0.920000	10.000000	10.000000	0.000000	0.667755	1.000000	0.224110	1.000000	0.108434	0.000000	
TRUCK_DIESEL	0.000000	0.000000	10.000000	0.920000	10.000000	10.000000	0.000000	0.601811	1.000000	0.302966	1.000000	0.108434	0.000000	
TRUCK_FUEL_CELL	0.000000	0.000000	10.000000	0.000000	10.000000	10.000000	0.000000	0.286122	1.000000	0.144041	1.000000	0.108434	0.000000	
TRUCK_NG	0.000000	0.000000	10.000000	0.000000	10.000000	10.000000	0.000000	0.112067	1.000000	0.056417	1.000000	0.108434	0.000000	
NON_ENERGY_OIL	0.000000	0.000000	10.000000	0.000000	100.000000	100.000000	0.000000	0.000000	1.000000	0.000000	1.000000	0.108434	0.000000	
NON_ENERGY_NG	0.000000	0.000000	10.000000	0.000000	100.000000	100.000000	0.000000	1.000000	1.000000	0.116818	1.000000	0.108434	0.000000	
TS_DHN_SEASONAL	17132.774245	95.182079	25.000000	0.000000	31727.359714	100000.000000	0.000000	-1.000000	1.000000	0.000000	1.000000	0.048263	
SEASONAL_NG	0.000000	0.000000	50.000000	0.000000	0.000000	100000.000000	0.000000	-1.000000	1.000000	0.000000	1.000000	0.028572	
SEASONAL_H2	0.000000	0.000000	20.000000	0.000000	0.000000	100000.000000	0.000000	-1.000000	1.000000	0.000000	1.000000	0.058246	
CO2_STORAGE	0.000000	0.000000	30.000000	0.000000	0.000000	100000.000000	0.000000	-1.000000	1.000000	0.000000	1.000000	0.041639	
EFFICIENCY	1712.305861	0.000000	10.000000	0.000000	0.985222	100.000000	0.000000	-1.000000	1.000000	0.000000	1.000000	0.108434	
DHN	1786.728288	0.000000	60.000000	0.000000	2.163417	100.000000	0.000000	-1.000000	1.000000	0.000000	1.000000	0.025393	
GRID	59441.287021	0.000000	80.000000	0.000000	1.038909	100.000000	0.000000	-1.000000	1.000000	0.000000	1.000000	0.021548	
H2_ELECTROLYSIS	1015.633455	101.572622	15.000000	0.000000	3.301961	1000.000000	0.000000	-1.000000	1.000000	0.465918	0.900000	0.074944	
H2_NG	0.000000	0.000000	25.000000	0.000000	0.000000	100.000000	0.000000	-1.000000	1.000000	0.000000	0.860000	0.048263	
H2_BIOMASS	0.000000	0.000000	25.000000	0.000000	0.000000	100.000000	0.000000	-1.000000	1.000000	0.000000	0.860000	0.048263	
GASIFICATION_SNG	0.000000	0.000000	25.000000	0.000000	0.000000	100.000000	0.000000	-1.000000	1.000000	0.000000	0.850000	0.048263	
PYROLYSIS	0.000000	0.000000	25.000000	0.000000	0.000000	100.000000	0.000000	-1.000000	1.000000	0.000000	0.850000	0.048263	
ATM_CCS	0.000000	0.000000	40.000000	0.000000	0.000000	100000.000000	0.000000	-1.000000	1.000000	0.000000	1.000000	0.033427	
INDUSTRY_CCS	1304.530052	32.764941	40.000000	0.000000	0.505632	100000.000000	0.000000	-1.000000	1.000000	0.400543	1.000000	0.033427	
SYN_METHANATION	4339.240200	171.455148	40.000000	0.000000	2.298326	100000.000000	0.000000	-1.000000	1.000000	0.400543	1.000000	0.033427	
BIOMETHANATION	2302.830369	19.409768	20.000000	0.000000	1.386412	100.000000	0.000000	-1.000000	1.000000	0.850000	0.850000	0.058246	