TECH	2015_2020	2020_2025	2025_2030	2030_2035	2035_2040	2040_2045	2045_2050	
 NUCLEAR	 0.000000	 0.000000	 0.000000	 0.000000	 0.000000	 0.000000	 0.000000	
 CCGT	 0.000000	 0.000000	 0.000000	 0.000000	 0.000000	 0.000000	 0.000000	
 COAL_US	 0.000000	 0.000000	 0.000000	 0.000000	 0.000000	 0.000000	 0.470000	
 COAL_IGCC	 0.000000	 0.000000	 0.000000	 0.000000	 0.000000	 0.000000	 0.000000	
 PV	 131.006230	 123.047737	 144.795507	 127.450175	 119.232564	 163.670297	 148.852407	
 WIND_ONSHORE	 8.750000	 0.000000	 0.000000	 0.000000	 0.000000	 1.250000	 8.750000	
 WIND_OFFSHORE	 0.000000	 2.788000	 0.000000	 0.000000	 0.000000	 0.712000	 0.000000	
 HYDRO_RIVER	 0.000000	 0.000000	 0.000000	 0.000000	 0.000000	 0.000000	 0.000000	
 GEOTHERMAL	 0.000000	 0.000000	 0.000000	 0.000000	 0.000000	 0.000000	 0.000000	
 IND_COGEN_GAS	 0.000000	 1.795364	 0.000000	 1.446437	 0.213066	 0.000000	 1.132384	
 IND_COGEN_WOOD	 0.000000	 0.000000	 0.000000	 0.000000	 0.000000	 0.000000	 0.000000	
 IND_COGEN_WASTE	 0.000000	 0.000000	 0.000000	 0.000000	 0.000000	 0.000000	 0.000000	
 IND_BOILER_GAS	 0.000000	 0.647728	 2.496919	 0.000000	 0.000000	 1.580624	 3.503446	
 IND_BOILER_WOOD	 1.305582	 1.422220	 0.000000	 0.999353	 0.843760	 0.526067	 2.714518	
 IND_BOILER_OIL	 0.000000	 0.000000	 0.000000	 0.000000	 0.000000	 0.000000	 0.000000	
 IND_BOILER_COAL	 0.000000	 0.000000	 0.000000	 1.205680	 0.746257	 0.102095	 0.000000	
 IND_BOILER_WASTE	 1.587659	 0.529374	 0.275130	 3.286180	 0.179037	 0.000000	 0.000000	
 IND_DIRECT_ELEC	 6.737368	 0.571481	 0.000000	 5.826197	 1.630564	 0.000000	 4.979045	
 DHN_HP_ELEC	 0.515827	 8.130518	 0.000000	 0.000000	 0.000000	 0.000000	 4.214392	
 DHN_COGEN_GAS	 0.312251	 0.069092	 0.000000	 0.000000	 0.000000	 0.000000	 0.000000	
 DHN_COGEN_WOOD	 0.000000	 0.000000	 0.000000	 0.000000	 0.000000	 0.000000	 0.000000	
 DHN_COGEN_WET_BIOMASS	 0.005867	 0.448200	 0.436259	 0.000000	 0.000000	 0.000000	 0.434457	
 DHN_COGEN_WASTE	 0.000000	 0.000000	 0.000000	 0.000000	 0.000000	 0.000000	 0.000000	
 DHN_BOILER_GAS	 0.000000	 0.258212	 0.310058	 0.018942	 0.000000	 0.000000	 0.000000	
 DHN_BOILER_WOOD	 0.000000	 2.180465	 0.000000	 0.000000	 0.803386	 1.015869	 0.000000	
 DHN_BOILER_OIL	 0.086472	 2.266918	 3.970524	 0.385123	 8.709466	 4.150461	 0.000000	
 DHN_DEEP_GEO	 0.000000	 0.000000	 0.000000	 0.000000	 0.000000	 0.000000	 0.000000	
 DHN_SOLAR	 0.000000	 0.000000	 0.000000	 0.000000	 0.000000	 0.000000	 0.000000	
 DEC_HP_ELEC	 0.000000	 0.000000	 10.183852	 20.132334	 1.003826	 10.183852	 20.588651	
 DEC_THHP_GAS	 0.000000	 0.000000	 0.000000	 0.000000	 0.000000	 0.000000	 0.000000	
 DEC_COGEN_GAS	 0.000000	 0.000000	 0.000000	 0.000000	 0.000000	 0.000000	 0.000000	
 DEC_COGEN_OIL	 0.000000	 0.000000	 0.000000	 0.000000	 0.000000	 0.000000	 0.000000	
 DEC_ADVCOGEN_GAS	 0.000000	 0.000000	 0.000000	 0.000000	 0.000000	 0.000000	 0.000000	
 DEC_ADVCOGEN_H2	 0.000000	 0.000000	 0.000000	 0.000000	 0.000000	 0.000000	 0.000000	
 DEC_BOILER_GAS	 0.000000	 4.552787	 15.751543	 0.000000	 0.000000	 0.000000	 0.000000	
 DEC_BOILER_WOOD	 0.000000	 0.000000	 0.000000	 0.000000	 0.000000	 0.000000	 0.000000	
 DEC_BOILER_OIL	 0.000000	 0.000000	 0.000000	 0.000000	 0.000000	 0.000000	 0.000000	
 DEC_SOLAR	 0.000000	 0.000000	 9.179988	 29.471739	 0.000000	 0.000000	 0.000000	
 DEC_DIRECT_ELEC	 0.000000	 0.000000	 0.000000	 0.000000	 0.000000	 0.000000	 0.000000	
 TRAMWAY_TROLLEY	 0.000000	 0.000000	 0.000000	 0.000000	 0.000000	 0.000000	 0.000000	
 BUS_COACH_DIESEL	 0.000000	 0.000000	 0.000000	 0.000000	 0.000000	 0.000000	 0.000000	
 BUS_COACH_HYDIESEL	 16.700000	 0.000000	 0.000000	 0.000000	 0.000000	 0.000000	 0.000000	
 BUS_COACH_CNG_STOICH	 0.000000	 0.000000	 0.000000	 0.000000	 0.000000	 0.000000	 0.000000	
 BUS_COACH_FC_HYBRIDH2	 16.700000	 0.000000	 0.000000	 0.000000	 0.000000	 0.000000	 0.000000	
 TRAIN_PUB	 0.000000	 0.000000	 0.000000	 0.000000	 0.000000	 0.000000	 0.000000	
 CAR_GASOLINE	 0.000000	 0.000000	 0.000000	 0.000000	 0.000000	 0.000000	 0.000000	
 CAR_DIESEL	 0.000000	 0.000000	 0.000000	 0.000000	 0.000000	 0.000000	 0.000000	
 CAR_NG	 0.000000	 0.000000	 0.000000	 0.000000	 0.000000	 0.000000	 0.000000	
 CAR_HEV	 16.700000	 0.000000	 0.000000	 0.000000	 0.000000	 0.000000	 0.000000	
 CAR_PHEV	 16.700000	 0.000000	 0.000000	 0.000000	 0.000000	 0.000000	 0.000000	
 CAR_BEV	 16.700000	 0.000000	 0.000000	 0.000000	 0.000000	 0.000000	 0.000000	
 CAR_FUEL_CELL	 16.700000	 0.000000	 0.000000	 0.000000	 0.000000	 0.000000	 0.000000	
 TRAIN_FREIGHT	 0.000000	 0.000000	 0.000000	 0.000000	 0.000000	 0.000000	 0.000000	
 BOAT_FREIGHT_DIESEL	 0.000000	 0.000000	 0.000000	 0.000000	 0.000000	 0.000000	 0.000000	
 BOAT_FREIGHT_NG	 10.000000	 0.000000	 0.000000	 0.000000	 0.000000	 0.000000	 0.000000	
 TRUCK_DIESEL	 0.000000	 0.000000	 0.000000	 0.000000	 0.000000	 0.000000	 0.000000	
 TRUCK_FUEL_CELL	 10.000000	 0.000000	 0.000000	 0.000000	 0.000000	 0.000000	 0.000000	
 TRUCK_NG	 0.000000	 0.000000	 0.000000	 0.000000	 0.000000	 0.000000	 0.000000	
 NON_ENERGY_OIL	 0.000000	 0.000000	 0.000000	 0.000000	 0.000000	 0.000000	 0.000000	
 NON_ENERGY_NG	 0.000000	 0.000000	 0.000000	 0.000000	 0.000000	 0.000000	 0.000000	
 TS_DHN_SEASONAL	 0.000000	 0.000000	 3119.865837	 0.000000	 23326.465768	 594.676259	 0.000000	
 SEASONAL_NG	 0.000000	 0.000000	 0.000000	 0.000000	 0.000000	 507.586293	 0.000000	
 SEASONAL_H2	 0.000000	 0.000000	 0.000000	 3050.068539	 0.000000	 889.249315	 0.000000	
 CO2_STORAGE	 0.000000	 0.000000	 0.000000	 0.000000	 1414.664675	 851.985530	 1291.535349	
 EFFICIENCY	 0.000000	 0.000000	 0.000000	 0.000000	 0.000000	 0.000000	 0.000000	
 DHN	 0.920417	 13.353405	 4.263841	 0.000000	 0.000000	 0.000000	 0.000000	
 GRID	 0.037357	 0.033636	 0.038704	 0.034067	 0.030843	 0.008731	 0.006898	
 H2_ELECTROLYSIS	 3.301961	 8.069628	 5.108571	 4.155781	 7.963734	 5.693564	 4.155781	
 H2_NG	 0.000000	 1.059304	 0.199258	 0.000000	 0.000000	 0.000000	 0.000000	
 H2_BIOMASS	 0.000000	 0.000000	 0.000000	 0.000000	 0.000000	 0.000000	 0.000000	
 GASIFICATION_SNG	 0.000000	 0.000000	 0.000000	 0.000000	 0.000000	 0.000000	 0.000000	
 PYROLYSIS	 0.000000	 0.000000	 0.000000	 0.000000	 0.000000	 0.000000	 0.000000	
 ATM_CCS	 0.000000	 0.000000	 0.000000	 0.000000	 0.000000	 0.000000	 0.000000	
 INDUSTRY_CCS	 0.505632	 1.266792	 0.843788	 0.000000	 0.000000	 0.000000	 0.000000	
 SYN_METHANATION	 2.298326	 5.758146	 3.835401	 0.000000	 0.000000	 0.000000	 0.000000	
 BIOMETHANATION	 1.045412	 0.000000	 0.000000	 0.000000	 0.000000	 0.000000	 0.000000	