TECHNOLOGIES	 c_inv	 c_maint	 lifetime	  f_min	 f	 f_max	 fmin_perc	f_perc	 fmax_perc	 c_p	 c_p_max	 tau	 gwp_constr
 UNITS	[MCHCapitalf/GW]	 [MCHCapitalf/GW]	 [y]	 [GW or GWh]	 [GW or GWh]	 [GW or GWh]	 [0-1]	 [0-1]	 [0-1]	 [0-1]	 [0-1]	 [-]	 [ktCO2-eq./GW or GWh] 
NUCLEAR	0.000000	0.000000	60.000000	0.000000	0.000000	0.000000	0.000000	0.000000	1.000000	0.000000	0.849000	0.025393	0.000000	
CCGT	0.000000	0.000000	25.000000	0.000000	0.000000	20.000000	0.000000	0.000000	1.000000	0.000000	0.850000	0.048263	0.000000	
COAL_US	0.000000	0.000000	35.000000	0.000000	0.000000	10.000000	0.000000	0.000000	1.000000	0.000000	0.868000	0.036934	0.000000	
COAL_IGCC	0.000000	0.000000	35.000000	0.000000	0.000000	10.000000	0.000000	0.000000	1.000000	0.000000	0.856000	0.036934	0.000000	
PV	678196.280577	5696.848757	25.000000	3.846000	678.196281	1000.000000	0.000000	0.983784	1.000000	0.052460	1.000000	0.048263	1411618.084282	
WIND_ONSHORE	10400.000000	126.000000	20.000000	0.000000	10.000000	10.000000	0.000000	0.012015	1.000000	0.043211	1.000000	0.058246	6228.500000	
WIND_OFFSHORE	5810.000000	119.875000	20.000000	0.000000	3.500000	3.500000	0.000000	0.004086	1.000000	0.042026	1.000000	0.058246	2179.975000	
HYDRO_RIVER	832.411789	8.323392	40.000000	0.000000	0.165000	0.165000	0.000000	0.000116	1.000000	0.025298	1.000000	0.033427	208.365300	
GEOTHERMAL	0.000000	0.000000	30.000000	0.000000	0.000000	0.000000	0.000000	0.000000	1.000000	0.000000	0.860000	0.041639	0.000000	
IND_COGEN_GAS	4356.334041	286.532306	25.000000	0.000000	3.093912	100.000000	0.000000	0.064934	1.000000	0.159502	0.850000	0.048263	3169.155451	
IND_COGEN_WOOD	0.000000	0.000000	25.000000	0.000000	0.000000	100.000000	0.000000	0.000000	1.000000	0.000000	0.850000	0.048263	0.000000	
IND_COGEN_WASTE	0.000000	0.000000	25.000000	0.000000	0.000000	100.000000	0.000000	0.000000	1.000000	0.000000	0.850000	0.048263	0.000000	
IND_BOILER_GAS	93.084975	1.864956	17.000000	0.000000	1.580624	100.000000	0.000000	0.045067	1.000000	0.213944	0.950000	0.067080	19.473288	
IND_BOILER_WOOD	272.880547	5.457611	17.000000	0.000000	2.369180	100.000000	0.000000	0.085023	1.000000	0.270791	0.900000	0.067080	68.398226	
IND_BOILER_OIL	0.000000	0.000000	17.000000	0.000000	0.000000	100.000000	0.000000	0.000000	1.000000	0.000000	0.950000	0.067080	0.000000	
IND_BOILER_COAL	236.581982	4.731640	17.000000	0.000000	2.054032	100.000000	0.000000	0.049289	1.000000	0.178822	0.900000	0.067080	98.963247	
IND_BOILER_WASTE	399.121277	7.982426	17.000000	0.000000	3.465216	100.000000	0.000000	0.113056	1.000000	0.245209	0.900000	0.067080	100.040796	
IND_DIRECT_ELEC	2321.416306	10.530783	15.000000	0.000000	6.984983	100.000000	0.000000	0.642631	1.000000	0.682399	0.950000	0.074944	10.267926	
DHN_HP_ELEC	1313.651244	45.706800	25.000000	0.000000	3.810327	100.000000	0.000000	0.645542	1.000000	0.747945	0.950000	0.048263	666.007090	
DHN_COGEN_GAS	0.000000	0.000000	25.000000	0.000000	0.000000	100.000000	0.000000	0.000000	1.000000	0.000000	0.850000	0.048263	0.000000	
DHN_COGEN_WOOD	0.000000	0.000000	25.000000	0.000000	0.000000	100.000000	0.000000	0.000000	1.000000	0.000000	0.850000	0.048263	0.000000	
DHN_COGEN_WET_BIOMASS	3024.869159	188.074766	25.000000	0.000000	0.870717	100.000000	0.000000	0.114735	1.000000	0.586301	0.800000	0.048263	891.613707	
DHN_COGEN_WASTE	0.000000	0.000000	25.000000	0.000000	0.000000	100.000000	0.000000	0.000000	1.000000	0.000000	0.850000	0.048263	0.000000	
DHN_BOILER_GAS	1.115538	0.022350	17.000000	0.000000	0.018942	100.000000	0.000000	0.000000	1.000000	0.000000	0.950000	0.067080	0.233370	
DHN_BOILER_WOOD	209.540549	4.190811	17.000000	0.000000	1.819255	100.000000	0.000000	0.239724	1.000000	0.586301	0.900000	0.067080	52.521889	
DHN_BOILER_OIL	726.561474	15.627645	17.000000	0.000000	13.245049	100.000000	0.000000	0.000000	1.000000	0.000000	0.950000	0.067080	163.179009	
DHN_DEEP_GEO	0.000000	0.000000	30.000000	0.000000	0.000000	100.000000	0.000000	0.000000	1.000000	0.000000	0.850000	0.041639	0.000000	
DHN_SOLAR	0.000000	0.000000	30.000000	0.000000	0.000000	100.000000	0.000000	0.000000	1.000000	0.000000	1.000000	0.041639	0.000000	
DEC_HP_ELEC	15410.713113	659.306938	18.000000	0.000000	31.320012	100.000000	0.000000	0.880182	1.000000	0.267654	1.000000	0.063806	5164.356851	
DEC_THHP_GAS	0.000000	0.000000	20.000000	0.000000	0.000000	100.000000	0.000000	0.000000	0.000000	0.000000	1.000000	0.058246	0.000000	
DEC_COGEN_GAS	0.000000	0.000000	20.000000	0.000000	0.000000	100.000000	0.000000	0.000000	1.000000	0.000000	1.000000	0.058246	0.000000	
DEC_COGEN_OIL	0.000000	0.000000	20.000000	0.000000	0.000000	100.000000	0.000000	0.000000	1.000000	0.000000	1.000000	0.058246	0.000000	
DEC_ADVCOGEN_GAS	0.000000	0.000000	20.000000	0.000000	0.000000	100.000000	0.000000	0.000000	1.000000	0.000000	1.000000	0.058246	0.000000	
DEC_ADVCOGEN_H2	0.000000	0.000000	20.000000	0.000000	0.000000	100.000000	0.000000	0.000000	1.000000	0.000000	1.000000	0.058246	0.000000	
DEC_BOILER_GAS	0.000000	0.000000	17.000000	0.000000	0.000000	100.000000	0.000000	0.000000	1.000000	0.000000	1.000000	0.067080	0.000000	
DEC_BOILER_WOOD	0.000000	0.000000	17.000000	0.000000	0.000000	100.000000	0.000000	0.000000	1.000000	0.000000	1.000000	0.067080	0.000000	
DEC_BOILER_OIL	0.000000	0.000000	17.000000	0.000000	0.000000	100.000000	0.000000	0.000000	1.000000	0.000000	1.000000	0.067080	0.000000	
DEC_SOLAR	27793.483128	312.717404	20.000000	0.000000	38.651726	100.000000	0.000000	0.119818	1.000000	0.029577	1.000000	0.058246	8550.534895	
DEC_DIRECT_ELEC	0.000000	0.000000	15.000000	0.000000	0.000000	100.000000	0.000000	0.000000	1.000000	0.000000	1.000000	0.074944	0.000000	
TRAMWAY_TROLLEY	0.000000	0.000000	10.000000	0.000000	16.700000	16.700000	0.000000	0.300000	0.300000	0.097834	1.000000	0.108434	0.000000	
BUS_COACH_DIESEL	0.000000	0.000000	10.000000	0.000000	16.700000	16.700000	0.000000	0.000000	0.300000	0.000000	1.000000	0.108434	0.000000	
BUS_COACH_HYDIESEL	0.000000	0.000000	10.000000	0.000000	16.700000	16.700000	0.000000	0.000000	0.300000	0.000000	1.000000	0.108434	0.000000	
BUS_COACH_CNG_STOICH	0.000000	0.000000	10.000000	0.000000	16.700000	16.700000	0.000000	0.000000	0.300000	0.000000	1.000000	0.108434	0.000000	
BUS_COACH_FC_HYBRIDH2	0.000000	0.000000	10.000000	0.000000	16.700000	16.700000	0.000000	0.100000	0.200000	0.032611	1.000000	0.108434	0.000000	
TRAIN_PUB	0.000000	0.000000	10.000000	0.000000	16.700000	16.700000	0.000000	0.600000	0.600000	0.195669	1.000000	0.108434	0.000000	
CAR_GASOLINE	0.000000	0.000000	10.000000	0.000000	16.700000	16.700000	0.000000	0.000000	1.000000	0.000000	1.000000	0.108434	0.000000	
CAR_DIESEL	0.000000	0.000000	10.000000	0.000000	16.700000	16.700000	0.000000	0.000000	1.000000	0.000000	1.000000	0.108434	0.000000	
CAR_NG	0.000000	0.000000	10.000000	0.000000	16.700000	16.700000	0.000000	0.000000	1.000000	0.000000	1.000000	0.108434	0.000000	
CAR_HEV	0.000000	0.000000	10.000000	0.000000	16.700000	16.700000	0.000000	0.000000	1.000000	0.000000	1.000000	0.108434	0.000000	
CAR_PHEV	0.000000	0.000000	10.000000	0.000000	16.700000	16.700000	0.000000	0.000000	1.000000	0.000000	1.000000	0.108434	0.000000	
CAR_BEV	0.000000	0.000000	10.000000	0.000000	16.700000	16.700000	0.000000	1.000000	1.000000	1.000000	1.000000	0.108434	0.000000	
CAR_FUEL_CELL	0.000000	0.000000	10.000000	0.000000	16.700000	16.700000	0.000000	0.000000	1.000000	0.000000	1.000000	0.108434	0.000000	
TRAIN_FREIGHT	0.000000	0.000000	10.000000	0.920000	10.000000	10.000000	0.000000	1.000000	1.000000	0.279680	1.000000	0.108434	0.000000	
BOAT_FREIGHT_DIESEL	0.000000	0.000000	10.000000	0.920000	10.000000	10.000000	0.000000	0.000000	1.000000	0.000000	1.000000	0.108434	0.000000	
BOAT_FREIGHT_NG	0.000000	0.000000	10.000000	0.920000	10.000000	10.000000	0.000000	1.000000	1.000000	0.174521	1.000000	0.108434	0.000000	
TRUCK_DIESEL	0.000000	0.000000	10.000000	0.920000	10.000000	10.000000	0.000000	0.000000	1.000000	0.000000	1.000000	0.108434	0.000000	
TRUCK_FUEL_CELL	0.000000	0.000000	10.000000	0.000000	10.000000	10.000000	0.000000	1.000000	1.000000	0.664521	1.000000	0.108434	0.000000	
TRUCK_NG	0.000000	0.000000	10.000000	0.000000	10.000000	10.000000	0.000000	0.000000	1.000000	0.000000	1.000000	0.108434	0.000000	
NON_ENERGY_OIL	0.000000	0.000000	10.000000	0.000000	100.000000	100.000000	0.000000	0.000000	1.000000	0.000000	1.000000	0.108434	0.000000	
NON_ENERGY_NG	0.000000	0.000000	10.000000	0.000000	100.000000	100.000000	0.000000	1.000000	1.000000	0.116818	1.000000	0.108434	0.000000	
TS_DHN_SEASONAL	14602.144246	81.123024	25.000000	0.000000	27041.007864	100000.000000	0.000000	-1.000000	1.000000	0.000000	1.000000	0.048263	
SEASONAL_NG	23.922496	0.664514	50.000000	0.000000	507.586293	100000.000000	0.000000	-1.000000	1.000000	0.000000	1.000000	0.028572	
SEASONAL_H2	34665.997117	1536.333963	20.000000	0.000000	3939.317854	100000.000000	0.000000	-1.000000	1.000000	0.000000	1.000000	0.058246	
CO2_STORAGE	112199.185145	1121.991851	30.000000	0.000000	2266.650205	100000.000000	0.000000	-1.000000	1.000000	0.000000	1.000000	0.041639	
EFFICIENCY	1712.305861	0.000000	10.000000	0.000000	0.985222	100.000000	0.000000	-1.000000	1.000000	0.000000	1.000000	0.108434	
DHN	16322.983015	0.000000	60.000000	0.000000	19.764290	100.000000	0.000000	-1.000000	1.000000	0.000000	1.000000	0.025393	
GRID	67793.577881	0.000000	80.000000	0.000000	1.184890	100.000000	0.000000	-1.000000	1.000000	0.000000	1.000000	0.021548	
H2_ELECTROLYSIS	5479.035477	547.953589	15.000000	0.000000	17.813079	1000.000000	0.000000	-1.000000	1.000000	0.662347	0.900000	0.074944	
H2_NG	0.000000	0.000000	25.000000	0.000000	0.000000	100.000000	0.000000	-1.000000	1.000000	0.000000	0.860000	0.048263	
H2_BIOMASS	0.000000	0.000000	25.000000	0.000000	0.000000	100.000000	0.000000	-1.000000	1.000000	0.000000	0.860000	0.048263	
GASIFICATION_SNG	0.000000	0.000000	25.000000	0.000000	0.000000	100.000000	0.000000	-1.000000	1.000000	0.000000	0.850000	0.048263	
PYROLYSIS	0.000000	0.000000	25.000000	0.000000	0.000000	100.000000	0.000000	-1.000000	1.000000	0.000000	0.850000	0.048263	
ATM_CCS	0.000000	0.000000	40.000000	0.000000	0.000000	100000.000000	0.000000	-1.000000	1.000000	0.000000	1.000000	0.033427	
INDUSTRY_CCS	5714.968084	143.538733	40.000000	0.000000	2.215104	100000.000000	0.000000	-1.000000	1.000000	0.775198	1.000000	0.033427	
SYN_METHANATION	22451.856767	887.133747	40.000000	0.000000	11.891873	100000.000000	0.000000	-1.000000	1.000000	0.656348	1.000000	0.033427	
BIOMETHANATION	0.000000	0.000000	20.000000	0.000000	0.000000	100.000000	0.000000	-1.000000	1.000000	0.000000	0.850000	0.058246	