TECHNOLOGIES	 c_inv	 c_maint	 lifetime	  f_min	 f	 f_max	 fmin_perc	f_perc	 fmax_perc	 c_p	 c_p_max	 tau	 gwp_constr
 UNITS	[MCHCapitalf/GW]	 [MCHCapitalf/GW]	 [y]	 [GW or GWh]	 [GW or GWh]	 [GW or GWh]	 [0-1]	 [0-1]	 [0-1]	 [0-1]	 [0-1]	 [-]	 [ktCO2-eq./GW or GWh] 
NUCLEAR	28710.977618	609.866092	60.000000	0.000000	5.925000	5.925000	0.000000	0.481165	1.000000	0.468952	0.849000	0.025393	4194.189000	
CCGT	3030.067656	77.441474	25.000000	0.000000	3.925000	20.000000	0.000000	0.399339	1.000000	0.582352	0.850000	0.048263	721.375750	
COAL_US	1182.851671	13.960483	35.000000	0.000000	0.470000	10.000000	0.000000	0.032361	1.000000	0.396143	0.868000	0.036934	155.852000	
COAL_IGCC	0.000000	0.000000	35.000000	0.000000	0.000000	10.000000	0.000000	0.000000	1.000000	0.000000	0.856000	0.036934	0.000000	
PV	3846.000000	32.306400	25.000000	3.846000	3.846000	1000.000000	0.000000	0.055502	1.000000	0.083496	1.000000	0.048263	8005.179780	
WIND_ONSHORE	1300.000000	15.750000	20.000000	0.000000	1.250000	10.000000	0.000000	0.018039	1.000000	0.083365	1.000000	0.058246	778.562500	
WIND_OFFSHORE	1181.920000	24.386000	20.000000	0.000000	0.712000	3.500000	0.000000	0.010275	1.000000	0.083425	1.000000	0.058246	443.469200	
HYDRO_RIVER	1160.331585	11.602304	40.000000	0.000000	0.230000	0.230000	0.000000	0.003319	1.000000	0.083612	1.000000	0.033427	290.448600	
GEOTHERMAL	0.000000	0.000000	30.000000	0.000000	0.000000	0.000000	0.000000	0.000000	1.000000	0.000000	0.860000	0.041639	0.000000	
IND_COGEN_GAS	3666.041471	241.129194	25.000000	0.000000	2.603659	100.000000	0.086000	0.086297	0.086000	0.353002	0.850000	0.048263	2666.979897	
IND_COGEN_WOOD	0.000000	0.000000	25.000000	0.000000	0.000000	100.000000	0.000000	0.000000	0.000000	0.000000	0.850000	0.048263	0.000000	
IND_COGEN_WASTE	1033.537326	39.296414	25.000000	0.000000	0.353000	100.000000	0.028000	0.028095	0.028000	0.847707	0.850000	0.048263	228.680460	
IND_BOILER_GAS	276.317895	5.536024	17.000000	0.000000	4.692000	100.000000	0.000000	0.416810	1.000000	0.949818	0.950000	0.067080	57.805440	
IND_BOILER_WOOD	0.000000	0.000000	17.000000	0.000000	0.000000	100.000000	0.000000	0.000000	0.000000	0.000000	0.900000	0.067080	0.000000	
IND_BOILER_OIL	127.154640	2.734975	17.000000	0.000000	2.318000	100.000000	0.206000	0.206205	0.206000	0.949765	0.950000	0.067080	28.557760	
IND_BOILER_COAL	359.820208	7.196404	17.000000	0.000000	3.124000	100.000000	0.263000	0.262593	0.263000	0.899719	0.900000	0.067080	150.514320	
IND_BOILER_WASTE	0.000000	0.000000	17.000000	0.000000	0.000000	100.000000	0.000000	0.000000	0.000000	0.000000	0.900000	0.067080	0.000000	
IND_DIRECT_ELEC	0.000000	0.000000	15.000000	0.000000	0.000000	100.000000	0.000000	0.000000	0.000000	0.000000	0.950000	0.074944	0.000000	
DHN_HP_ELEC	14.824712	0.515807	25.000000	0.000000	0.043000	100.000000	0.043600	0.044038	0.043700	0.353308	0.950000	0.048263	7.515970	
DHN_COGEN_GAS	396.418878	11.859987	25.000000	0.000000	0.316000	100.000000	0.594130	0.593620	0.594130	0.653634	0.850000	0.048263	155.118080	
DHN_COGEN_WOOD	392.328252	14.698118	25.000000	0.000000	0.363000	100.000000	0.066030	0.064594	0.066030	0.063238	0.850000	0.048263	60.014790	
DHN_COGEN_WET_BIOMASS	27.792000	1.728000	25.000000	0.000000	0.008000	100.000000	0.000000	0.016651	1.000000	0.726585	0.800000	0.048263	8.192000	
DHN_COGEN_WASTE	149.321257	5.677386	25.000000	0.000000	0.051000	100.000000	0.124080	0.124028	0.140800	0.845808	0.850000	0.048263	33.038820	
DHN_BOILER_GAS	19.375232	0.388182	17.000000	0.000000	0.329000	100.000000	0.138830	0.140585	0.138830	0.146699	0.950000	0.067080	4.053280	
DHN_BOILER_WOOD	0.000000	0.000000	17.000000	0.000000	0.000000	100.000000	0.000000	0.000000	0.000000	0.000000	0.900000	0.067080	0.000000	
DHN_BOILER_OIL	6.802060	0.146306	17.000000	0.000000	0.124000	100.000000	0.006510	0.006363	0.006510	0.018252	0.950000	0.067080	1.527680	
DHN_DEEP_GEO	13.500000	0.252000	30.000000	0.000000	0.009000	100.000000	0.010000	0.010121	0.010000	0.386276	0.850000	0.041639	7.278840	
DHN_SOLAR	0.000000	0.000000	30.000000	0.000000	0.000000	100.000000	0.000000	0.000000	1.000000	0.000000	1.000000	0.041639	0.000000	
DEC_HP_ELEC	324.359702	13.876879	18.000000	0.000000	0.659213	100.000000	0.011000	0.012000	0.012000	0.283301	1.000000	0.063806	108.697712	
DEC_THHP_GAS	0.000000	0.000000	20.000000	0.000000	0.000000	100.000000	0.000000	0.000000	0.000000	0.000000	1.000000	0.058246	0.000000	
DEC_COGEN_GAS	684.892258	45.047913	20.000000	0.000000	0.486417	100.000000	0.007000	0.006993	0.007000	0.223966	1.000000	0.058246	498.246924	
DEC_COGEN_OIL	0.000000	0.000000	20.000000	0.000000	0.000000	100.000000	0.000000	0.000000	0.000000	0.000000	1.000000	0.058246	0.000000	
DEC_ADVCOGEN_GAS	0.000000	0.000000	20.000000	0.000000	0.000000	100.000000	0.000000	0.000000	0.000000	0.000000	1.000000	0.058246	0.000000	
DEC_ADVCOGEN_H2	0.000000	0.000000	20.000000	0.000000	0.000000	100.000000	0.000000	0.000000	0.000000	0.000000	1.000000	0.058246	0.000000	
DEC_BOILER_GAS	3805.961375	114.201322	17.000000	0.000000	24.007006	100.000000	0.401000	0.401042	0.401000	0.259955	1.000000	0.067080	506.307761	
DEC_BOILER_WOOD	863.926741	30.229739	17.000000	0.000000	1.868191	100.000000	0.034000	0.034000	0.034000	0.283237	1.000000	0.067080	39.400145	
DEC_BOILER_OIL	4127.163428	247.548375	17.000000	0.000000	28.986503	100.000000	0.546000	0.545964	0.546000	0.293150	1.000000	0.067080	611.325354	
DEC_SOLAR	26189.142479	294.666221	20.000000	0.000000	36.420608	100.000000	0.000000	0.000000	0.000000	0.000000	1.000000	0.058246	8056.967009	
DEC_DIRECT_ELEC	0.000000	0.000000	15.000000	0.000000	0.000000	100.000000	0.000000	0.000000	0.000000	0.000000	1.000000	0.074944	0.000000	
TRAMWAY_TROLLEY	0.000000	0.000000	10.000000	0.000000	16.700000	16.700000	0.045000	0.045000	0.045000	0.009720	1.000000	0.108434	0.000000	
BUS_COACH_DIESEL	0.000000	0.000000	10.000000	0.000000	16.700000	16.700000	0.470000	0.470000	0.470000	0.101523	1.000000	0.108434	0.000000	
BUS_COACH_HYDIESEL	0.000000	0.000000	10.000000	0.000000	0.000000	16.700000	0.000000	0.000000	0.000000	0.000000	1.000000	0.108434	0.000000	
BUS_COACH_CNG_STOICH	0.000000	0.000000	10.000000	0.000000	16.700000	16.700000	0.100000	0.100000	0.100000	0.021601	1.000000	0.108434	0.000000	
BUS_COACH_FC_HYBRIDH2	0.000000	0.000000	10.000000	0.000000	0.000000	16.700000	0.000000	0.000000	0.000000	0.000000	1.000000	0.108434	0.000000	
TRAIN_PUB	0.000000	0.000000	10.000000	0.000000	16.700000	16.700000	0.385000	0.385000	0.385000	0.083162	1.000000	0.108434	0.000000	
CAR_GASOLINE	0.000000	0.000000	10.000000	0.000000	16.700000	16.700000	0.200000	0.200000	1.000000	0.172805	1.000000	0.108434	0.000000	
CAR_DIESEL	0.000000	0.000000	10.000000	0.000000	16.700000	16.700000	0.000000	0.790000	1.000000	0.682580	1.000000	0.108434	0.000000	
CAR_NG	0.000000	0.000000	10.000000	0.000000	16.700000	16.700000	0.010000	0.010000	0.010000	0.008640	1.000000	0.108434	0.000000	
CAR_HEV	0.000000	0.000000	10.000000	0.000000	0.000000	16.700000	0.000000	0.000000	0.000000	0.000000	1.000000	0.108434	0.000000	
CAR_PHEV	0.000000	0.000000	10.000000	0.000000	0.000000	16.700000	0.000000	0.000000	0.000000	0.000000	1.000000	0.108434	0.000000	
CAR_BEV	0.000000	0.000000	10.000000	0.000000	0.000000	16.700000	0.000000	0.000000	0.000000	0.000000	1.000000	0.108434	0.000000	
CAR_FUEL_CELL	0.000000	0.000000	10.000000	0.000000	0.000000	16.700000	0.000000	0.000000	0.000000	0.000000	1.000000	0.108434	0.000000	
TRAIN_FREIGHT	0.000000	0.000000	10.000000	0.920000	10.000000	10.000000	0.000000	1.000000	1.000000	0.094178	1.000000	0.108434	0.000000	
BOAT_FREIGHT_DIESEL	0.000000	0.000000	10.000000	0.920000	10.000000	10.000000	0.000000	1.000000	1.000000	0.111507	1.000000	0.108434	0.000000	
BOAT_FREIGHT_NG	0.000000	0.000000	10.000000	0.000000	0.000000	0.000000	0.000000	0.000000	1.000000	0.000000	1.000000	0.108434	0.000000	
TRUCK_DIESEL	0.000000	0.000000	10.000000	0.920000	10.000000	10.000000	0.000000	0.897000	1.000000	0.491323	1.000000	0.108434	0.000000	
TRUCK_FUEL_CELL	0.000000	0.000000	10.000000	0.000000	0.000000	0.000000	0.000000	0.000000	1.000000	0.000000	1.000000	0.108434	0.000000	
TRUCK_NG	0.000000	0.000000	10.000000	0.000000	10.000000	10.000000	0.103000	0.103000	0.103000	0.056417	1.000000	0.108434	0.000000	
NON_ENERGY_OIL	0.000000	0.000000	10.000000	0.000000	100.000000	100.000000	0.860000	0.862634	0.860000	0.096638	1.000000	0.108434	0.000000	
NON_ENERGY_NG	0.000000	0.000000	10.000000	0.000000	100.000000	100.000000	0.140000	0.137366	0.140000	0.015732	1.000000	0.108434	0.000000	
TS_DHN_SEASONAL	17132.774245	95.182079	25.000000	0.000000	31727.359714	100000.000000	0.000000	-1.000000	1.000000	0.000000	1.000000	0.048263	
SEASONAL_NG	0.000000	0.000000	50.000000	0.000000	0.000000	100000.000000	0.000000	-1.000000	1.000000	0.000000	1.000000	0.028572	
SEASONAL_H2	0.000000	0.000000	20.000000	0.000000	0.000000	100000.000000	0.000000	-1.000000	1.000000	0.000000	1.000000	0.058246	
CO2_STORAGE	0.000000	0.000000	30.000000	0.000000	0.000000	100000.000000	0.000000	-1.000000	1.000000	0.000000	1.000000	0.041639	
EFFICIENCY	1712.305861	0.000000	10.000000	0.000000	0.985222	100.000000	0.000000	-1.000000	1.000000	0.000000	1.000000	0.108434	
DHN	1026.572039	0.000000	60.000000	0.000000	1.243000	100.000000	0.000000	-1.000000	1.000000	0.000000	1.000000	0.025393	
GRID	57303.919914	0.000000	80.000000	0.000000	1.001552	100.000000	0.000000	-1.000000	1.000000	0.000000	1.000000	0.021548	
H2_ELECTROLYSIS	0.000000	0.000000	15.000000	0.000000	0.000000	1000.000000	0.000000	-1.000000	1.000000	0.000000	0.900000	0.074944	
H2_NG	0.000000	0.000000	25.000000	0.000000	0.000000	100.000000	0.000000	-1.000000	1.000000	0.000000	0.860000	0.048263	
H2_BIOMASS	0.000000	0.000000	25.000000	0.000000	0.000000	100.000000	0.000000	-1.000000	1.000000	0.000000	0.860000	0.048263	
GASIFICATION_SNG	0.000000	0.000000	25.000000	0.000000	0.000000	100.000000	0.000000	-1.000000	1.000000	0.000000	0.850000	0.048263	
PYROLYSIS	0.000000	0.000000	25.000000	0.000000	0.000000	0.000000	0.000000	-1.000000	1.000000	0.000000	0.850000	0.048263	
ATM_CCS	0.000000	0.000000	40.000000	0.000000	0.000000	100000.000000	0.000000	-1.000000	1.000000	0.000000	1.000000	0.033427	
INDUSTRY_CCS	0.000000	0.000000	40.000000	0.000000	0.000000	100000.000000	0.000000	-1.000000	1.000000	0.000000	1.000000	0.033427	
SYN_METHANATION	0.000000	0.000000	40.000000	0.000000	0.000000	100000.000000	0.000000	-1.000000	1.000000	0.000000	1.000000	0.033427	
BIOMETHANATION	566.401000	4.774000	20.000000	0.000000	0.341000	100.000000	0.000000	-1.000000	1.000000	0.848185	0.850000	0.058246	