																														
																														
param layers_in_out :=																														
["YEAR_2015",*,*]: 	ELECTRICITY	GASOLINE	DIESEL	LFO	NG	WOOD	WET_BIOMASS	COAL	URANIUM	WASTE	H2	SLF	HEAT_HIGH_T	HEAT_LOW_T_DHN	HEAT_LOW_T_DECEN	MOB_PUBLIC	MOB_PRIVATE	MOB_FREIGHT_RAIL	MOB_FREIGHT_ROAD	MOB_FREIGHT_BOAT	RES_WIND	RES_SOLAR	RES_HYDRO	RES_GEO 	NON_ENERGY	CO2_ATM 	CO2_INDUSTRY	CO2_CAPTURED	:=	
ELECTRICITY	1	0	0	0	0	0	0	0	0	0	0	0	0	0	0	0	0	0	0	0	0	0	0	0	0	0	0	0		
GASOLINE	0	1	0	0	0	0	0	0	0	0	0	0	0	0	0	0	0	0	0	0	0	0	0	0	0	0	0	0		
DIESEL	0	0	1	0	0	0	0	0	0	0	0	0	0	0	0	0	0	0	0	0	0	0	0	0	0	0	0	0		
BIOETHANOL	0	1	0	0	0	0	0	0	0	0	0	0	0	0	0	0	0	0	0	0	0	0	0	0	0	0	0	0		
BIODIESEL	0	0	1	0	0	0	0	0	0	0	0	0	0	0	0	0	0	0	0	0	0	0	0	0	0	0	0	0		
LFO	0	0	0	1	0	0	0	0	0	0	0	0	0	0	0	0	0	0	0	0	0	0	0	0	0	0	0	0		
NG	0	0	0	0	1	0	0	0	0	0	0	0	0	0	0	0	0	0	0	0	0	0	0	0	0	0	0	0		
SNG	0	0	0	0	1	0	0	0	0	0	0	0	0	0	0	0	0	0	0	0	0	0	0	0	0	0	0	0		
WOOD	0	0	0	0	0	1	0	0	0	0	0	0	0	0	0	0	0	0	0	0	0	0	0	0	0	0	0	0		
WET_BIOMASS	0	0	0	0	0	0	1	0	0	0	0	0	0	0	0	0	0	0	0	0	0	0	0	0	0	0	0	0		
COAL	0	0	0	0	0	0	0	1	0	0	0	0	0	0	0	0	0	0	0	0	0	0	0	0	0	0	0	0		
URANIUM	0	0	0	0	0	0	0	0	1	0	0	0	0	0	0	0	0	0	0	0	0	0	0	0	0	0	0	0		
WASTE	0	0	0	0	0	0	0	0	0	1	0	0	0	0	0	0	0	0	0	0	0	0	0	0	0	0	0	0		
H2	0	0	0	0	0	0	0	0	0	0	1	0	0	0	0	0	0	0	0	0	0	0	0	0	0	0	0	0		
SLF	0	0	0	0	0	0	0	0	0	0	0	1	0	0	0	0	0	0	0	0	0	0	0	0	0	0	0	0		
ELEC_EXPORT	-1	0	0	0	0	0	0	0	0	0	0	0	0	0	0	0	0	0	0	0	0	0	0	0	0	0	0	0		
CO2_EMISSIONS	0	0	0	0	0	0	0	0	0	0	0	0	0	0	0	0	0	0	0	0	0	0	0	0	0	0	-1	0		
RES_WIND 	0	0	0	0	0	0	0	0	0	0	0	0	0	0	0	0	0	0	0	0	1	0	0	0	0	0	0	0		
RES_SOLAR  	0	0	0	0	0	0	0	0	0	0	0	0	0	0	0	0	0	0	0	0	0	1	0	0	0	0	0	0		
RES_HYDRO 	0	0	0	0	0	0	0	0	0	0	0	0	0	0	0	0	0	0	0	0	0	0	1	0	0	0	0	0		
RES_GEO	0	0	0	0	0	0	0	0	0	0	0	0	0	0	0	0	0	0	0	0	0	0	0	1	0	0	0	0		
CO2_ATM 	0	0	0	0	0	0	0	0	0	0	0	0	0	0	0	0	0	0	0	0	0	0	0	0	0	1	0	0		
CO2_INDUSTRY	0	0	0	0	0	0	0	0	0	0	0	0	0	0	0	0	0	0	0	0	0	0	0	0	0	0	1	0		
CO2_CAPTURED	0	0	0	0	0	0	0	0	0	0	0	0	0	0	0	0	0	0	0	0	0	0	0	0	0	0	0	1		
NUCLEAR	1	0	0	0	0	0	0	0	-3.029932735	0	0	0	0	0	0	0	0	0	0	0	0	0	0	0	0	0	0	0		
CCGT	1	0	0	0	-1.683085345	0	0	0	0	0	0	0	0	0	0	0	0	0	0	0	0	0	0	0	0	0	0.31746	0		
COAL_US	1	0	0	0	0	0	0	-2.323628261	0	0	0	0	0	0	0	0	0	0	0	0	0	0	0	0	0	0	0.734688	0		
COAL_IGCC	1	0	0	0	0	0	0	-2.108549185	0	0	0	0	0	0	0	0	0	0	0	0	0	0	0	0	0	0	0.666684	0		
PV	1	0	0	0	0	0	0	0	0	0	0	0	0	0	0	0	0	0	0	0	0	-1	0	0	0	0	0	0		
WIND_ONSHORE	1	0	0	0	0	0	0	0	0	0	0	0	0	0	0	0	0	0	0	0	-1	0	0	0	0	0	0	0		
WIND_OFFSHORE	1	0	0	0	0	0	0	0	0	0	0	0	0	0	0	0	0	0	0	0	-1	0	0	0	0	0	0	0		
HYDRO_RIVER	1	0	0	0	0	0	0	0	0	0	0	0	0	0	0	0	0	0	0	0	0	0	-1	0	0	0	0	0		
GEOTHERMAL	1	0	0	0	0	0	0	0	0	0	0	0	0	0	0	0	0	0	0	0	0	0	0	-1	0	0	0	0		
IND_COGEN_GAS	0.9565	0	0	0	-2.19460381	0	0	0	0	0	0	0	1	0	0	0	0	0	0	0	0	0	0	0	0	0	0.43478	0		
IND_COGEN_WOOD	0.3396	0	0	0	0	-1.8868	0	0	0	0	0	0	1	0	0	0	0	0	0	0	0	0	0	0	0	0	0.735852	0		
IND_COGEN_WASTE	0.4444	0	0	0	0	0	0	0	0	-2.231071058	0	0	1	0	0	0	0	0	0	0	0	0	0	0	0	0	0.577772	0		
IND_BOILER_GAS	0	0	0	0	-1.088771429	0	0	0	0	0	0	0	1	0	0	0	0	0	0	0	0	0	0	0	0	0	0.2157	0		
IND_BOILER_WOOD	0	0	0	0	0	-1.167817143	0	0	0	0	0	0	1	0	0	0	0	0	0	0	0	0	0	0	0	0	0.451152	0		
IND_BOILER_OIL	0	0	0	-1.157015238	0	0	0	0	0	0	0	0	1	0	0	0	0	0	0	0	0	0	0	0	0	0	0.297986	0		
IND_BOILER_COAL	0	0	0	0	0	0	0	-1.231114286	0	0	0	0	1	0	0	0	0	0	0	0	0	0	0	0	0	0	0.43902	0		
IND_BOILER_WASTE	0	0	0	0	0	0	0	0	0	-1.231114286	0	0	1	0	0	0	0	0	0	0	0	0	0	0	0	0	0.31707	0		
IND_DIRECT_ELEC	-1.010204082	0	0	0	0	0	0	0	0	0	0	0	1	0	0	0	0	0	0	0	0	0	0	0	0	0	0	0		
DHN_HP_ELEC	-0.276785714	0	0	0	0	0	0	0	0	0	0	0	0	1	0	0	0	0	0	0	0	0	0	0	0	0	0	0		
DHN_COGEN_GAS	1.25	0	0	0	-2.523809524	0	0	0	0	0	0	0	0	1	0	0	0	0	0	0	0	0	0	0	0	0	0.5	0		
DHN_COGEN_WOOD	0.3396	0	0	0	0	-1.8868	0	0	0	0	0	0	0	1	0	0	0	0	0	0	0	0	0	0	0	0	0.735852	0		
DHN_COGEN_WASTE	0.4444	0	0	0	0	0	0	0	0	-2.231071058	0	0	0	1	0	0	0	0	0	0	0	0	0	0	0	0	0.577772	0		
DHN_COGEN_WET_BIOMASS	0.875	0	0	0	0	0	-2.50998004	0	0	0	0	0	0	1	0	0	0	0	0	0	0	0	0	0	0	0	0.975	0		
DHN_BOILER_GAS	0	0	0	0	-1.088771429	0	0	0	0	0	0	0	0	1	0	0	0	0	0	0	0	0	0	0	0	0	0.2157	0		
DHN_BOILER_WOOD	0	0	0	0	0	-1.167817143	0	0	0	0	0	0	0	1	0	0	0	0	0	0	0	0	0	0	0	0	0.451152	0		
DHN_BOILER_OIL	0	0	0	-1.157015238	0	0	0	0	0	0	0	0	0	1	0	0	0	0	0	0	0	0	0	0	0	0	0.297986	0		
DHN_DEEP_GEO	0	0	0	0	0	0	0	0	0	0	0	0	0	1	0	0	0	0	0	0	0	0	0	-1	0	0	0	0		
DHN_SOLAR	0	0	0	0	0	0	0	0	0	0	0	0	0	1	0	0	0	0	0	0	0	-1	0	0	0	0	0	0		
DEC_HP_ELEC	-0.369010714	0	0	0	0	0	0	0	0	0	0	0	0	0	1	0	0	0	0	0	0	0	0	0	0	0	0	0		
DEC_THHP_GAS	0	0	0	0	-0.738132143	0	0	0	0	0	0	0	0	0	1	0	0	0	0	0	0	0	0	0	0	0	0	0		
DEC_COGEN_GAS	0.9565	0	0	0	-2.19460381	0	0	0	0	0	0	0	0	0	1	0	0	0	0	0	0	0	0	0	0	0	0	0		
DEC_COGEN_OIL	0.907	0	0	-2.347748571	0	0	0	0	0	0	0	0	0	0	1	0	0	0	0	0	0	0	0	0	0	0	0	0		
DEC_ADVCOGEN_GAS	2.6364	0	0	0	-5.050555556	0	0	0	0	0	0	0	0	0	1	0	0	0	0	0	0	0	0	0	0	0	0	0		
DEC_ADVCOGEN_H2	2.6364	0	0	0	0	0	0	0	0	0	-5.050555556	0	0	0	1	0	0	0	0	0	0	0	0	0	0	0	0	0		
DEC_BOILER_GAS	0	0	0	0	-1.121681905	0	0	0	0	0	0	0	0	0	1	0	0	0	0	0	0	0	0	0	0	0	0	0		
DEC_BOILER_WOOD	0	0	0	0	0	-1.187704762	0	0	0	0	0	0	0	0	1	0	0	0	0	0	0	0	0	0	0	0	0	0		
DEC_BOILER_OIL	0	0	0	-1.187704762	0	0	0	0	0	0	0	0	0	0	1	0	0	0	0	0	0	0	0	0	0	0	0	0		
DEC_SOLAR	0	0	0	0	0	0	0	0	0	0	0	0	0	0	1	0	0	0	0	0	0	-1	0	0	0	0	0	0		
DEC_DIRECT_ELEC	-1.010204082	0	0	0	0	0	0	0	0	0	0	0	0	0	1	0	0	0	0	0	0	0	0	0	0	0	0	0		
TRAMWAY_TROLLEY	-0.194316246	0	0	0	0	0	0	0	0	0	0	0	0	0	0	1	0	0	0	0	0	0	0	0	0	0	0	0		
BUS_COACH_DIESEL	0	0	-0.301087302	0	0	0	0	0	0	0	0	0	0	0	0	1	0	0	0	0	0	0	0	0	0	0	0	0		
BUS_COACH_HYDIESEL	0	0	-0.221434834	0	0	0	0	0	0	0	0	0	0	0	0	1	0	0	0	0	0	0	0	0	0	0	0	0		
BUS_COACH_CNG_STOICH	0	0	0	0	-0.356998157	0	0	0	0	0	0	0	0	0	0	1	0	0	0	0	0	0	0	0	0	0	0	0		
BUS_COACH_FC_HYBRIDH2	0	0	0	0	0	0	0	0	0	0	-0.296421373	0	0	0	0	1	0	0	0	0	0	0	0	0	0	0	0	0		
TRAIN_PUB	-0.107796732	0	0	0	0	0	0	0	0	0	0	0	0	0	0	1	0	0	0	0	0	0	0	0	0	0	0	0		
CAR_GASOLINE	0	-0.500986636	0	0	0	0	0	0	0	0	0	0	0	0	0	0	1	0	0	0	0	0	0	0	0	0	0	0		
CAR_DIESEL	0	0	-0.438646208	0	0	0	0	0	0	0	0	0	0	0	0	0	1	0	0	0	0	0	0	0	0	0	0	0		
CAR_NG	0	0	0	0	-0.562662673	0	0	0	0	0	0	0	0	0	0	0	1	0	0	0	0	0	0	0	0	0	0	0		
CAR_HEV	0	-0.299324658	0	0	0	0	0	0	0	0	0	0	0	0	0	0	1	0	0	0	0	0	0	0	0	0	0	0		
CAR_PHEV	-0.053801534	-0.210423778	0	0	0	0	0	0	0	0	0	0	0	0	0	0	1	0	0	0	0	0	0	0	0	0	0	0		
CAR_BEV	-0.125782446	0	0	0	0	0	0	0	0	0	0	0	0	0	0	0	1	0	0	0	0	0	0	0	0	0	0	0		
CAR_FUEL_CELL	0	0	0	0	0	0	0	0	0	0	-0.235822591	0	0	0	0	0	1	0	0	0	0	0	0	0	0	0	0	0		
TRAIN_FREIGHT	-0.080289169	0	0	0	0	0	0	0	0	0	0	0	0	0	0	0	0	1	0	0	0	0	0	0	0	0	0	0		
BOAT_FREIGHT_DIESEL	0	0	-0.121342152	0	0	0	0	0	0	0	0	0	0	0	0	0	0	0	0	1	0	0	0	0	0	0	0	0		
BOAT_FREIGHT_NG	0	0	0	0	-0.14340553	0	0	0	0	0	0	0	0	0	0	0	0	0	0	1	0	0	0	0	0	0	0	0		
TRUCK_DIESEL	0	0	-0.581308289	0	0	0	0	0	0	0	0	0	0	0	0	0	0	0	1	0	0	0	0	0	0	0	0	0		
TRUCK_FUEL_CELL	0	0	0	0	0	0	0	0	0	0	-0.578383167	0	0	0	0	0	0	0	1	0	0	0	0	0	0	0	0	0		
TRUCK_NG	0	0	0	0	-0.687880184	0	0	0	0	0	0	0	0	0	0	0	0	0	1	0	0	0	0	0	0	0	0	0		
NON_ENERGY_OIL	0	0	0	-1	0	0	0	0	0	0	0	0	0	0	0	0	0	0	0	0	0	0	0	0	1	0	0	0		
NON_ENERGY_NG	0	0	0	0	-1	0	0	0	0	0	0	0	0	0	0	0	0	0	0	0	0	0	0	0	1	0	0	0		
EFFICIENCY	0	0	0	0	0	0	0	0	0	0	0	0	0	0	0	0	0	0	0	0	0	0	0	0	0	0	0	0		
DHN	0	0	0	0	0	0	0	0	0	0	0	0	0	0	0	0	0	0	0	0	0	0	0	0	0	0	0	0		
GRID	0	0	0	0	0	0	0	0	0	0	0	0	0	0	0	0	0	0	0	0	0	0	0	0	0	0	0	0		
INLAND_WATER_TRANSPORT	0	0	0	0	0	0	0	0	0	0	0	0	0	0	0	0	0	0	0	0	0	0	0	0	0	0	0	0		
ROADS	0	0	0	0	0	0	0	0	0	0	0	0	0	0	0	0	0	0	0	0	0	0	0	0	0	0	0	0		
RAILWAYS	0	0	0	0	0	0	0	0	0	0	0	0	0	0	0	0	0	0	0	0	0	0	0	0	0	0	0	0		
STATION_GAS_FUELS	0	0	0	0	0	0	0	0	0	0	0	0	0	0	0	0	0	0	0	0	0	0	0	0	0	0	0	0		
STATION_LIQUID_FUELS	0	0	0	0	0	0	0	0	0	0	0	0	0	0	0	0	0	0	0	0	0	0	0	0	0	0	0	0		
STATION_ELEC	0	0	0	0	0	0	0	0	0	0	0	0	0	0	0	0	0	0	0	0	0	0	0	0	0	0	0	0		
STATION_H2	0	0	0	0	0	0	0	0	0	0	0	0	0	0	0	0	0	0	0	0	0	0	0	0	0	0	0	0		
H2_ELECTROLYSIS	-1.366816176	0	0	0	0	0	0	0	0	0	1	0	0	0	0	0	0	0	0	0	0	0	0	0	0	0	0	0		
H2_NG	0	0	0	0	-1.3646	0	0	0	0	0	1	0	0	0	0	0	0	0	0	0	0	0	0	0	0	0	0.27292	0		
H2_BIOMASS	0	0	0	0	0	-2.325418548	0	0	0	0	1	0	0	0	0	0	0	0	0	0	0	0	0	0	0	0	0.901719	0		
GASIFICATION_SNG	0.0426	0	0	0	1	-1.56255625	0	0	0	0	0	0	0	0.1217	0	0	0	0	0	0	0	0	0	0	0	0	0.263523	0		
PYROLYSIS	0.0238	0	0	0	0	-1.510350346	0	0	0	0	0	1	0	0	0	0	0	0	0	0	0	0	0	0	0	0	0.2928315	0		
ATM_CCS	-1.3	0	0	0	0	0	0	0	0	0	0	0	0	0	0	0	0	0	0	0	0	0	0	0	0	-1	0	1		
INDUSTRY_CCS	-0.233	0	0	0	0	0	0	0	0	0	0	0	0	0	0	0	0	0	0	0	0	0	0	0	0	0	-1	0.9		
SYN_METHANOLATION	-0.754698795	0	0	0	0	0	0	0	0	0	-0.781951807	1	0	0.261	0	0	0	0	0	0	0	0	0	0	0	0	0	-0.247		
SYN_METHANATION	-0.0213	0	0	0	1	0	0	0	0	0	-1.28	0	0	0.295	0	0	0	0	0	0	0	0	0	0	0	0	0	-0.198		
BIOMETHANATION	0	0	0	0	1	0	-1.070663812	0	0	0	0	0	0	0	0	0	0	0	0	0	0	0	0	0	0	0	0.208779443	0		
SLF_TO_DIESEL	0	0	1	0	0	0	0	0	0	0	0	-1	0	0	0	0	0	0	0	0	0	0	0	0	0	0	0	0		
SLF_TO_GASOLINE	0	1	0	0	0	0	0	0	0	0	0	-1	0	0	0	0	0	0	0	0	0	0	0	0	0	0	0	0		
SLF_TO_LFO	0	0	0	1	0	0	0	0	0	0	0	-1	0	0	0	0	0	0	0	0	0	0	0	0	0	0	0	0		
																														
["YEAR_2020",*,*]: 	ELECTRICITY	GASOLINE	DIESEL	LFO	NG	WOOD	WET_BIOMASS	COAL	URANIUM	WASTE	H2	SLF	HEAT_HIGH_T	HEAT_LOW_T_DHN	HEAT_LOW_T_DECEN	MOB_PUBLIC	MOB_PRIVATE	MOB_FREIGHT_RAIL	MOB_FREIGHT_ROAD	MOB_FREIGHT_BOAT	RES_WIND	RES_SOLAR	RES_HYDRO	RES_GEO 	NON_ENERGY	CO2_ATM 	CO2_INDUSTRY	CO2_CAPTURED	:=	
ELECTRICITY	1	0	0	0	0	0	0	0	0	0	0	0	0	0	0	0	0	0	0	0	0	0	0	0	0	0	0	0		
GASOLINE	0	1	0	0	0	0	0	0	0	0	0	0	0	0	0	0	0	0	0	0	0	0	0	0	0	0	0	0		
DIESEL	0	0	1	0	0	0	0	0	0	0	0	0	0	0	0	0	0	0	0	0	0	0	0	0	0	0	0	0		
BIOETHANOL	0	1	0	0	0	0	0	0	0	0	0	0	0	0	0	0	0	0	0	0	0	0	0	0	0	0	0	0		
BIODIESEL	0	0	1	0	0	0	0	0	0	0	0	0	0	0	0	0	0	0	0	0	0	0	0	0	0	0	0	0		
LFO	0	0	0	1	0	0	0	0	0	0	0	0	0	0	0	0	0	0	0	0	0	0	0	0	0	0	0	0		
NG	0	0	0	0	1	0	0	0	0	0	0	0	0	0	0	0	0	0	0	0	0	0	0	0	0	0	0	0		
SNG	0	0	0	0	1	0	0	0	0	0	0	0	0	0	0	0	0	0	0	0	0	0	0	0	0	0	0	0		
WOOD	0	0	0	0	0	1	0	0	0	0	0	0	0	0	0	0	0	0	0	0	0	0	0	0	0	0	0	0		
WET_BIOMASS	0	0	0	0	0	0	1	0	0	0	0	0	0	0	0	0	0	0	0	0	0	0	0	0	0	0	0	0		
COAL	0	0	0	0	0	0	0	1	0	0	0	0	0	0	0	0	0	0	0	0	0	0	0	0	0	0	0	0		
URANIUM	0	0	0	0	0	0	0	0	1	0	0	0	0	0	0	0	0	0	0	0	0	0	0	0	0	0	0	0		
WASTE	0	0	0	0	0	0	0	0	0	1	0	0	0	0	0	0	0	0	0	0	0	0	0	0	0	0	0	0		
H2	0	0	0	0	0	0	0	0	0	0	1	0	0	0	0	0	0	0	0	0	0	0	0	0	0	0	0	0		
SLF	0	0	0	0	0	0	0	0	0	0	0	1	0	0	0	0	0	0	0	0	0	0	0	0	0	0	0	0		
ELEC_EXPORT	-1	0	0	0	0	0	0	0	0	0	0	0	0	0	0	0	0	0	0	0	0	0	0	0	0	0	0	0		
CO2_EMISSIONS	0	0	0	0	0	0	0	0	0	0	0	0	0	0	0	0	0	0	0	0	0	0	0	0	0	0	-1	0		
RES_WIND 	0	0	0	0	0	0	0	0	0	0	0	0	0	0	0	0	0	0	0	0	1	0	0	0	0	0	0	0		
RES_SOLAR  	0	0	0	0	0	0	0	0	0	0	0	0	0	0	0	0	0	0	0	0	0	1	0	0	0	0	0	0		
RES_HYDRO 	0	0	0	0	0	0	0	0	0	0	0	0	0	0	0	0	0	0	0	0	0	0	1	0	0	0	0	0		
RES_GEO	0	0	0	0	0	0	0	0	0	0	0	0	0	0	0	0	0	0	0	0	0	0	0	1	0	0	0	0		
CO2_ATM 	0	0	0	0	0	0	0	0	0	0	0	0	0	0	0	0	0	0	0	0	0	0	0	0	0	1	0	0		
CO2_INDUSTRY	0	0	0	0	0	0	0	0	0	0	0	0	0	0	0	0	0	0	0	0	0	0	0	0	0	0	1	0		
CO2_CAPTURED	0	0	0	0	0	0	0	0	0	0	0	0	0	0	0	0	0	0	0	0	0	0	0	0	0	0	0	1		
NUCLEAR	1	0	0	0	0	0	0	0	-2.940914037	0	0	0	0	0	0	0	0	0	0	0	0	0	0	0	0	0	0	0		
CCGT	1	0	0	0	-1.654558475	0	0	0	0	0	0	0	0	0	0	0	0	0	0	0	0	0	0	0	0	0	0.31746	0		
COAL_US	1	0	0	0	0	0	0	-2.203853608	0	0	0	0	0	0	0	0	0	0	0	0	0	0	0	0	0	0	0.734688	0		
COAL_IGCC	1	0	0	0	0	0	0	-1.999861082	0	0	0	0	0	0	0	0	0	0	0	0	0	0	0	0	0	0	0.666684	0		
PV	1	0	0	0	0	0	0	0	0	0	0	0	0	0	0	0	0	0	0	0	0	-1	0	0	0	0	0	0		
WIND_ONSHORE	1	0	0	0	0	0	0	0	0	0	0	0	0	0	0	0	0	0	0	0	-1	0	0	0	0	0	0	0		
WIND_OFFSHORE	1	0	0	0	0	0	0	0	0	0	0	0	0	0	0	0	0	0	0	0	-1	0	0	0	0	0	0	0		
HYDRO_RIVER	1	0	0	0	0	0	0	0	0	0	0	0	0	0	0	0	0	0	0	0	0	0	-1	0	0	0	0	0		
GEOTHERMAL	1	0	0	0	0	0	0	0	0	0	0	0	0	0	0	0	0	0	0	0	0	0	0	-1	0	0	0	0		
IND_COGEN_GAS	0.9565	0	0	0	-2.19460381	0	0	0	0	0	0	0	1	0	0	0	0	0	0	0	0	0	0	0	0	0	0.43478	0		
IND_COGEN_WOOD	0.3396	0	0	0	0	-1.8868	0	0	0	0	0	0	1	0	0	0	0	0	0	0	0	0	0	0	0	0	0.735852	0		
IND_COGEN_WASTE	0.4444	0	0	0	0	0	0	0	0	-2.22884666	0	0	1	0	0	0	0	0	0	0	0	0	0	0	0	0	0.577772	0		
IND_BOILER_GAS	0	0	0	0	-1.088771429	0	0	0	0	0	0	0	1	0	0	0	0	0	0	0	0	0	0	0	0	0	0.2157	0		
IND_BOILER_WOOD	0	0	0	0	0	-1.167817143	0	0	0	0	0	0	1	0	0	0	0	0	0	0	0	0	0	0	0	0	0.451152	0		
IND_BOILER_OIL	0	0	0	-1.157015238	0	0	0	0	0	0	0	0	1	0	0	0	0	0	0	0	0	0	0	0	0	0	0.297986	0		
IND_BOILER_COAL	0	0	0	0	0	0	0	-1.231114286	0	0	0	0	1	0	0	0	0	0	0	0	0	0	0	0	0	0	0.43902	0		
IND_BOILER_WASTE	0	0	0	0	0	0	0	0	0	-1.231114286	0	0	1	0	0	0	0	0	0	0	0	0	0	0	0	0	0.31707	0		
IND_DIRECT_ELEC	-1	0	0	0	0	0	0	0	0	0	0	0	1	0	0	0	0	0	0	0	0	0	0	0	0	0	0	0		
DHN_HP_ELEC	-0.269097222	0	0	0	0	0	0	0	0	0	0	0	0	1	0	0	0	0	0	0	0	0	0	0	0	0	0	0		
DHN_COGEN_GAS	1.25	0	0	0	-2.523809524	0	0	0	0	0	0	0	0	1	0	0	0	0	0	0	0	0	0	0	0	0	0.5	0		
DHN_COGEN_WOOD	0.3396	0	0	0	0	-1.8868	0	0	0	0	0	0	0	1	0	0	0	0	0	0	0	0	0	0	0	0	0.735852	0		
DHN_COGEN_WASTE	0.4444	0	0	0	0	0	0	0	0	-2.22884666	0	0	0	1	0	0	0	0	0	0	0	0	0	0	0	0	0.577772	0		
DHN_COGEN_WET_BIOMASS	0.875	0	0	0	0	0	-2.507477567	0	0	0	0	0	0	1	0	0	0	0	0	0	0	0	0	0	0	0	0.975	0		
DHN_BOILER_GAS	0	0	0	0	-1.088771429	0	0	0	0	0	0	0	0	1	0	0	0	0	0	0	0	0	0	0	0	0	0.2157	0		
DHN_BOILER_WOOD	0	0	0	0	0	-1.167817143	0	0	0	0	0	0	0	1	0	0	0	0	0	0	0	0	0	0	0	0	0.451152	0		
DHN_BOILER_OIL	0	0	0	-1.157015238	0	0	0	0	0	0	0	0	0	1	0	0	0	0	0	0	0	0	0	0	0	0	0.297986	0		
DHN_DEEP_GEO	0	0	0	0	0	0	0	0	0	0	0	0	0	1	0	0	0	0	0	0	0	0	0	-1	0	0	0	0		
DHN_SOLAR	0	0	0	0	0	0	0	0	0	0	0	0	0	1	0	0	0	0	0	0	0	-1	0	0	0	0	0	0		
DEC_HP_ELEC	-0.358760417	0	0	0	0	0	0	0	0	0	0	0	0	0	1	0	0	0	0	0	0	0	0	0	0	0	0	0		
DEC_THHP_GAS	0	0	0	0	-0.717628472	0	0	0	0	0	0	0	0	0	1	0	0	0	0	0	0	0	0	0	0	0	0	0		
DEC_COGEN_GAS	0.9565	0	0	0	-2.19460381	0	0	0	0	0	0	0	0	0	1	0	0	0	0	0	0	0	0	0	0	0	0	0		
DEC_COGEN_OIL	0.907	0	0	-2.347748571	0	0	0	0	0	0	0	0	0	0	1	0	0	0	0	0	0	0	0	0	0	0	0	0		
DEC_ADVCOGEN_GAS	2.6364	0	0	0	-4.5455	0	0	0	0	0	0	0	0	0	1	0	0	0	0	0	0	0	0	0	0	0	0	0		
DEC_ADVCOGEN_H2	2.6364	0	0	0	0	0	0	0	0	0	-4.5455	0	0	0	1	0	0	0	0	0	0	0	0	0	0	0	0	0		
DEC_BOILER_GAS	0	0	0	0	-1.121681905	0	0	0	0	0	0	0	0	0	1	0	0	0	0	0	0	0	0	0	0	0	0	0		
DEC_BOILER_WOOD	0	0	0	0	0	-1.187704762	0	0	0	0	0	0	0	0	1	0	0	0	0	0	0	0	0	0	0	0	0	0		
DEC_BOILER_OIL	0	0	0	-1.187704762	0	0	0	0	0	0	0	0	0	0	1	0	0	0	0	0	0	0	0	0	0	0	0	0		
DEC_SOLAR	0	0	0	0	0	0	0	0	0	0	0	0	0	0	1	0	0	0	0	0	0	-1	0	0	0	0	0	0		
DEC_DIRECT_ELEC	-1	0	0	0	0	0	0	0	0	0	0	0	0	0	1	0	0	0	0	0	0	0	0	0	0	0	0	0		
TRAMWAY_TROLLEY	-0.186147317	0	0	0	0	0	0	0	0	0	0	0	0	0	0	1	0	0	0	0	0	0	0	0	0	0	0	0		
BUS_COACH_DIESEL	0	0	-0.291325085	0	0	0	0	0	0	0	0	0	0	0	0	1	0	0	0	0	0	0	0	0	0	0	0	0		
BUS_COACH_HYDIESEL	0	0	-0.210321933	0	0	0	0	0	0	0	0	0	0	0	0	1	0	0	0	0	0	0	0	0	0	0	0	0		
BUS_COACH_CNG_STOICH	0	0	0	0	-0.342781416	0	0	0	0	0	0	0	0	0	0	1	0	0	0	0	0	0	0	0	0	0	0	0		
BUS_COACH_FC_HYBRIDH2	0	0	0	0	0	0	0	0	0	0	-0.274813655	0	0	0	0	1	0	0	0	0	0	0	0	0	0	0	0	0		
TRAIN_PUB	-0.103265027	0	0	0	0	0	0	0	0	0	0	0	0	0	0	1	0	0	0	0	0	0	0	0	0	0	0	0		
CAR_GASOLINE	0	-0.481035841	0	0	0	0	0	0	0	0	0	0	0	0	0	0	1	0	0	0	0	0	0	0	0	0	0	0		
CAR_DIESEL	0	0	-0.424423891	0	0	0	0	0	0	0	0	0	0	0	0	0	1	0	0	0	0	0	0	0	0	0	0	0		
CAR_NG	0	0	0	0	-0.540255752	0	0	0	0	0	0	0	0	0	0	0	1	0	0	0	0	0	0	0	0	0	0	0		
CAR_HEV	0	-0.284302788	0	0	0	0	0	0	0	0	0	0	0	0	0	0	1	0	0	0	0	0	0	0	0	0	0	0		
CAR_PHEV	-0.051293419	-0.20061426	0	0	0	0	0	0	0	0	0	0	0	0	0	0	1	0	0	0	0	0	0	0	0	0	0	0		
CAR_BEV	-0.120494633	0	0	0	0	0	0	0	0	0	0	0	0	0	0	0	1	0	0	0	0	0	0	0	0	0	0	0		
CAR_FUEL_CELL	0	0	0	0	0	0	0	0	0	0	-0.218632238	0	0	0	0	0	1	0	0	0	0	0	0	0	0	0	0	0		
TRAIN_FREIGHT	-0.076913864	0	0	0	0	0	0	0	0	0	0	0	0	0	0	0	0	1	0	0	0	0	0	0	0	0	0	0		
BOAT_FREIGHT_DIESEL	0	0	-0.11740785	0	0	0	0	0	0	0	0	0	0	0	0	0	0	0	0	1	0	0	0	0	0	0	0	0		
BOAT_FREIGHT_NG	0	0	0	0	-0.13769469	0	0	0	0	0	0	0	0	0	0	0	0	0	0	1	0	0	0	0	0	0	0	0		
TRUCK_DIESEL	0	0	-0.56246041	0	0	0	0	0	0	0	0	0	0	0	0	0	0	0	1	0	0	0	0	0	0	0	0	0		
TRUCK_FUEL_CELL	0	0	0	0	0	0	0	0	0	0	-0.536221766	0	0	0	0	0	0	0	1	0	0	0	0	0	0	0	0	0		
TRUCK_NG	0	0	0	0	-0.660486726	0	0	0	0	0	0	0	0	0	0	0	0	0	1	0	0	0	0	0	0	0	0	0		
NON_ENERGY_OIL	0	0	0	-1	0	0	0	0	0	0	0	0	0	0	0	0	0	0	0	0	0	0	0	0	1	0	0	0		
NON_ENERGY_NG	0	0	0	0	-1	0	0	0	0	0	0	0	0	0	0	0	0	0	0	0	0	0	0	0	1	0	0	0		
EFFICIENCY	0	0	0	0	0	0	0	0	0	0	0	0	0	0	0	0	0	0	0	0	0	0	0	0	0	0	0	0		
DHN	0	0	0	0	0	0	0	0	0	0	0	0	0	0	0	0	0	0	0	0	0	0	0	0	0	0	0	0		
GRID	0	0	0	0	0	0	0	0	0	0	0	0	0	0	0	0	0	0	0	0	0	0	0	0	0	0	0	0		
INLAND_WATER_TRANSPORT	0	0	0	0	0	0	0	0	0	0	0	0	0	0	0	0	0	0	0	0	0	0	0	0	0	0	0	0		
ROADS	0	0	0	0	0	0	0	0	0	0	0	0	0	0	0	0	0	0	0	0	0	0	0	0	0	0	0	0		
RAILWAYS	0	0	0	0	0	0	0	0	0	0	0	0	0	0	0	0	0	0	0	0	0	0	0	0	0	0	0	0		
STATION_GAS_FUELS	0	0	0	0	0	0	0	0	0	0	0	0	0	0	0	0	0	0	0	0	0	0	0	0	0	0	0	0		
STATION_LIQUID_FUELS	0	0	0	0	0	0	0	0	0	0	0	0	0	0	0	0	0	0	0	0	0	0	0	0	0	0	0	0		
STATION_ELEC	0	0	0	0	0	0	0	0	0	0	0	0	0	0	0	0	0	0	0	0	0	0	0	0	0	0	0	0		
STATION_H2	0	0	0	0	0	0	0	0	0	0	0	0	0	0	0	0	0	0	0	0	0	0	0	0	0	0	0	0		
H2_ELECTROLYSIS	-1.222940789	0	0	0	0	0	0	0	0	0	1	0	0	0	0	0	0	0	0	0	0	0	0	0	0	0	0	0		
H2_NG	0	0	0	0	-1.3646	0	0	0	0	0	1	0	0	0	0	0	0	0	0	0	0	0	0	0	0	0	0.27292	0		
H2_BIOMASS	0	0	0	0	0	-2.325418548	0	0	0	0	1	0	0	0	0	0	0	0	0	0	0	0	0	0	0	0	0.901719	0		
GASIFICATION_SNG	0.0426	0	0	0	1	-1.458385833	0	0	0	0	0	0	0	0.1217	0	0	0	0	0	0	0	0	0	0	0	0	0.263523	0		
PYROLYSIS	0.0238	0	0	0	0	-1.510350346	0	0	0	0	0	1	0	0	0	0	0	0	0	0	0	0	0	0	0	0	0.2928315	0		
ATM_CCS	-1.3	0	0	0	0	0	0	0	0	0	0	0	0	0	0	0	0	0	0	0	0	0	0	0	0	-1	0	1		
INDUSTRY_CCS	-0.233	0	0	0	0	0	0	0	0	0	0	0	0	0	0	0	0	0	0	0	0	0	0	0	0	0	-1	0.9		
SYN_METHANOLATION	-0.745714286	0	0	0	0	0	0	0	0	0	-0.772642857	1	0	0.261	0	0	0	0	0	0	0	0	0	0	0	0	0	-0.247		
SYN_METHANATION	-0.0213	0	0	0	1	0	0	0	0	0	-1.28	0	0	0.295	0	0	0	0	0	0	0	0	0	0	0	0	0	-0.198		
BIOMETHANATION	0	0	0	0	1	0	-1.070663812	0	0	0	0	0	0	0	0	0	0	0	0	0	0	0	0	0	0	0	0.208779443	0		
SLF_TO_DIESEL	0	0	1	0	0	0	0	0	0	0	0	-1	0	0	0	0	0	0	0	0	0	0	0	0	0	0	0	0		
SLF_TO_GASOLINE	0	1	0	0	0	0	0	0	0	0	0	-1	0	0	0	0	0	0	0	0	0	0	0	0	0	0	0	0		
SLF_TO_LFO	0	0	0	1	0	0	0	0	0	0	0	-1	0	0	0	0	0	0	0	0	0	0	0	0	0	0	0	0		
																														
["YEAR_2025",*,*]: 	ELECTRICITY	GASOLINE	DIESEL	LFO	NG	WOOD	WET_BIOMASS	COAL	URANIUM	WASTE	H2	SLF	HEAT_HIGH_T	HEAT_LOW_T_DHN	HEAT_LOW_T_DECEN	MOB_PUBLIC	MOB_PRIVATE	MOB_FREIGHT_RAIL	MOB_FREIGHT_ROAD	MOB_FREIGHT_BOAT	RES_WIND	RES_SOLAR	RES_HYDRO	RES_GEO 	NON_ENERGY	CO2_ATM 	CO2_INDUSTRY	CO2_CAPTURED	:=	
ELECTRICITY	1	0	0	0	0	0	0	0	0	0	0	0	0	0	0	0	0	0	0	0	0	0	0	0	0	0	0	0		
GASOLINE	0	1	0	0	0	0	0	0	0	0	0	0	0	0	0	0	0	0	0	0	0	0	0	0	0	0	0	0		
DIESEL	0	0	1	0	0	0	0	0	0	0	0	0	0	0	0	0	0	0	0	0	0	0	0	0	0	0	0	0		
BIOETHANOL	0	1	0	0	0	0	0	0	0	0	0	0	0	0	0	0	0	0	0	0	0	0	0	0	0	0	0	0		
BIODIESEL	0	0	1	0	0	0	0	0	0	0	0	0	0	0	0	0	0	0	0	0	0	0	0	0	0	0	0	0		
LFO	0	0	0	1	0	0	0	0	0	0	0	0	0	0	0	0	0	0	0	0	0	0	0	0	0	0	0	0		
NG	0	0	0	0	1	0	0	0	0	0	0	0	0	0	0	0	0	0	0	0	0	0	0	0	0	0	0	0		
SNG	0	0	0	0	1	0	0	0	0	0	0	0	0	0	0	0	0	0	0	0	0	0	0	0	0	0	0	0		
WOOD	0	0	0	0	0	1	0	0	0	0	0	0	0	0	0	0	0	0	0	0	0	0	0	0	0	0	0	0		
WET_BIOMASS	0	0	0	0	0	0	1	0	0	0	0	0	0	0	0	0	0	0	0	0	0	0	0	0	0	0	0	0		
COAL	0	0	0	0	0	0	0	1	0	0	0	0	0	0	0	0	0	0	0	0	0	0	0	0	0	0	0	0		
URANIUM	0	0	0	0	0	0	0	0	1	0	0	0	0	0	0	0	0	0	0	0	0	0	0	0	0	0	0	0		
WASTE	0	0	0	0	0	0	0	0	0	1	0	0	0	0	0	0	0	0	0	0	0	0	0	0	0	0	0	0		
H2	0	0	0	0	0	0	0	0	0	0	1	0	0	0	0	0	0	0	0	0	0	0	0	0	0	0	0	0		
SLF	0	0	0	0	0	0	0	0	0	0	0	1	0	0	0	0	0	0	0	0	0	0	0	0	0	0	0	0		
ELEC_EXPORT	-1	0	0	0	0	0	0	0	0	0	0	0	0	0	0	0	0	0	0	0	0	0	0	0	0	0	0	0		
CO2_EMISSIONS	0	0	0	0	0	0	0	0	0	0	0	0	0	0	0	0	0	0	0	0	0	0	0	0	0	0	-1	0		
RES_WIND 	0	0	0	0	0	0	0	0	0	0	0	0	0	0	0	0	0	0	0	0	1	0	0	0	0	0	0	0		
RES_SOLAR  	0	0	0	0	0	0	0	0	0	0	0	0	0	0	0	0	0	0	0	0	0	1	0	0	0	0	0	0		
RES_HYDRO 	0	0	0	0	0	0	0	0	0	0	0	0	0	0	0	0	0	0	0	0	0	0	1	0	0	0	0	0		
RES_GEO	0	0	0	0	0	0	0	0	0	0	0	0	0	0	0	0	0	0	0	0	0	0	0	1	0	0	0	0		
CO2_ATM 	0	0	0	0	0	0	0	0	0	0	0	0	0	0	0	0	0	0	0	0	0	0	0	0	0	1	0	0		
CO2_INDUSTRY	0	0	0	0	0	0	0	0	0	0	0	0	0	0	0	0	0	0	0	0	0	0	0	0	0	0	1	0		
CO2_CAPTURED	0	0	0	0	0	0	0	0	0	0	0	0	0	0	0	0	0	0	0	0	0	0	0	0	0	0	0	1		
NUCLEAR	1	0	0	0	0	0	0	0	-2.856976744	0	0	0	0	0	0	0	0	0	0	0	0	0	0	0	0	0	0	0		
CCGT	1	0	0	0	-1.6269825	0	0	0	0	0	0	0	0	0	0	0	0	0	0	0	0	0	0	0	0	0	0.31746	0		
COAL_US	1	0	0	0	0	0	0	-2.127102488	0	0	0	0	0	0	0	0	0	0	0	0	0	0	0	0	0	0	0.734688	0		
COAL_IGCC	1	0	0	0	0	0	0	-1.930214179	0	0	0	0	0	0	0	0	0	0	0	0	0	0	0	0	0	0	0.666684	0		
PV	1	0	0	0	0	0	0	0	0	0	0	0	0	0	0	0	0	0	0	0	0	-1	0	0	0	0	0	0		
WIND_ONSHORE	1	0	0	0	0	0	0	0	0	0	0	0	0	0	0	0	0	0	0	0	-1	0	0	0	0	0	0	0		
WIND_OFFSHORE	1	0	0	0	0	0	0	0	0	0	0	0	0	0	0	0	0	0	0	0	-1	0	0	0	0	0	0	0		
HYDRO_RIVER	1	0	0	0	0	0	0	0	0	0	0	0	0	0	0	0	0	0	0	0	0	0	-1	0	0	0	0	0		
GEOTHERMAL	1	0	0	0	0	0	0	0	0	0	0	0	0	0	0	0	0	0	0	0	0	0	0	-1	0	0	0	0		
IND_COGEN_GAS	0.9565	0	0	0	-2.184202844	0	0	0	0	0	0	0	1	0	0	0	0	0	0	0	0	0	0	0	0	0	0.43478	0		
IND_COGEN_WOOD	0.3396	0	0	0	0	-1.8868	0	0	0	0	0	0	1	0	0	0	0	0	0	0	0	0	0	0	0	0	0.735852	0		
IND_COGEN_WASTE	0.4444	0	0	0	0	0	0	0	0	-2.226626693	0	0	1	0	0	0	0	0	0	0	0	0	0	0	0	0	0.577772	0		
IND_BOILER_GAS	0	0	0	0	-1.083611374	0	0	0	0	0	0	0	1	0	0	0	0	0	0	0	0	0	0	0	0	0	0.2157	0		
IND_BOILER_WOOD	0	0	0	0	0	-1.162282464	0	0	0	0	0	0	1	0	0	0	0	0	0	0	0	0	0	0	0	0	0.451152	0		
IND_BOILER_OIL	0	0	0	-1.151531754	0	0	0	0	0	0	0	0	1	0	0	0	0	0	0	0	0	0	0	0	0	0	0.297986	0		
IND_BOILER_COAL	0	0	0	0	0	0	0	-1.225279621	0	0	0	0	1	0	0	0	0	0	0	0	0	0	0	0	0	0	0.43902	0		
IND_BOILER_WASTE	0	0	0	0	0	0	0	0	0	-1.225279621	0	0	1	0	0	0	0	0	0	0	0	0	0	0	0	0	0.31707	0		
IND_DIRECT_ELEC	-1	0	0	0	0	0	0	0	0	0	0	0	1	0	0	0	0	0	0	0	0	0	0	0	0	0	0	0		
DHN_HP_ELEC	-0.261824324	0	0	0	0	0	0	0	0	0	0	0	0	1	0	0	0	0	0	0	0	0	0	0	0	0	0	0		
DHN_COGEN_GAS	1.25	0	0	0	-2.511848341	0	0	0	0	0	0	0	0	1	0	0	0	0	0	0	0	0	0	0	0	0	0.5	0		
DHN_COGEN_WOOD	0.3396	0	0	0	0	-1.8868	0	0	0	0	0	0	0	1	0	0	0	0	0	0	0	0	0	0	0	0	0.735852	0		
DHN_COGEN_WASTE	0.4444	0	0	0	0	0	0	0	0	-2.226626693	0	0	0	1	0	0	0	0	0	0	0	0	0	0	0	0	0.577772	0		
DHN_COGEN_WET_BIOMASS	0.875	0	0	0	0	0	-2.50498008	0	0	0	0	0	0	1	0	0	0	0	0	0	0	0	0	0	0	0	0.975	0		
DHN_BOILER_GAS	0	0	0	0	-1.083611374	0	0	0	0	0	0	0	0	1	0	0	0	0	0	0	0	0	0	0	0	0	0.2157	0		
DHN_BOILER_WOOD	0	0	0	0	0	-1.162282464	0	0	0	0	0	0	0	1	0	0	0	0	0	0	0	0	0	0	0	0	0.451152	0		
DHN_BOILER_OIL	0	0	0	-1.151531754	0	0	0	0	0	0	0	0	0	1	0	0	0	0	0	0	0	0	0	0	0	0	0.297986	0		
DHN_DEEP_GEO	0	0	0	0	0	0	0	0	0	0	0	0	0	1	0	0	0	0	0	0	0	0	0	-1	0	0	0	0		
DHN_SOLAR	0	0	0	0	0	0	0	0	0	0	0	0	0	1	0	0	0	0	0	0	0	-1	0	0	0	0	0	0		
DEC_HP_ELEC	-0.349064189	0	0	0	0	0	0	0	0	0	0	0	0	0	1	0	0	0	0	0	0	0	0	0	0	0	0	0		
DEC_THHP_GAS	0	0	0	0	-0.698233108	0	0	0	0	0	0	0	0	0	1	0	0	0	0	0	0	0	0	0	0	0	0	0		
DEC_COGEN_GAS	0.9565	0	0	0	-2.184202844	0	0	0	0	0	0	0	0	0	1	0	0	0	0	0	0	0	0	0	0	0	0	0		
DEC_COGEN_OIL	0.907	0	0	-2.336621801	0	0	0	0	0	0	0	0	0	0	1	0	0	0	0	0	0	0	0	0	0	0	0	0		
DEC_ADVCOGEN_GAS	2.6364	0	0	0	-4.5455	0	0	0	0	0	0	0	0	0	1	0	0	0	0	0	0	0	0	0	0	0	0	0		
DEC_ADVCOGEN_H2	2.6364	0	0	0	0	0	0	0	0	0	-4.5455	0	0	0	1	0	0	0	0	0	0	0	0	0	0	0	0	0		
DEC_BOILER_GAS	0	0	0	0	-1.116365877	0	0	0	0	0	0	0	0	0	1	0	0	0	0	0	0	0	0	0	0	0	0	0		
DEC_BOILER_WOOD	0	0	0	0	0	-1.182075829	0	0	0	0	0	0	0	0	1	0	0	0	0	0	0	0	0	0	0	0	0	0		
DEC_BOILER_OIL	0	0	0	-1.182075829	0	0	0	0	0	0	0	0	0	0	1	0	0	0	0	0	0	0	0	0	0	0	0	0		
DEC_SOLAR	0	0	0	0	0	0	0	0	0	0	0	0	0	0	1	0	0	0	0	0	0	-1	0	0	0	0	0	0		
DEC_DIRECT_ELEC	-1	0	0	0	0	0	0	0	0	0	0	0	0	0	1	0	0	0	0	0	0	0	0	0	0	0	0	0		
TRAMWAY_TROLLEY	-0.178637511	0	0	0	0	0	0	0	0	0	0	0	0	0	0	1	0	0	0	0	0	0	0	0	0	0	0	0		
BUS_COACH_DIESEL	0	0	-0.282176033	0	0	0	0	0	0	0	0	0	0	0	0	1	0	0	0	0	0	0	0	0	0	0	0	0		
BUS_COACH_HYDIESEL	0	0	-0.20027115	0	0	0	0	0	0	0	0	0	0	0	0	1	0	0	0	0	0	0	0	0	0	0	0	0		
BUS_COACH_CNG_STOICH	0	0	0	0	-0.329653617	0	0	0	0	0	0	0	0	0	0	1	0	0	0	0	0	0	0	0	0	0	0	0		
BUS_COACH_FC_HYBRIDH2	0	0	0	0	0	0	0	0	0	0	-0.256142105	0	0	0	0	1	0	0	0	0	0	0	0	0	0	0	0	0		
TRAIN_PUB	-0.09909897	0	0	0	0	0	0	0	0	0	0	0	0	0	0	1	0	0	0	0	0	0	0	0	0	0	0	0		
CAR_GASOLINE	0	-0.462613191	0	0	0	0	0	0	0	0	0	0	0	0	0	0	1	0	0	0	0	0	0	0	0	0	0	0		
CAR_DIESEL	0	0	-0.411094876	0	0	0	0	0	0	0	0	0	0	0	0	0	1	0	0	0	0	0	0	0	0	0	0	0		
CAR_NG	0	0	0	0	-0.519565106	0	0	0	0	0	0	0	0	0	0	0	1	0	0	0	0	0	0	0	0	0	0	0		
CAR_HEV	0	-0.270716637	0	0	0	0	0	0	0	0	0	0	0	0	0	0	1	0	0	0	0	0	0	0	0	0	0	0		
CAR_PHEV	-0.049008734	-0.191678603	0	0	0	0	0	0	0	0	0	0	0	0	0	0	1	0	0	0	0	0	0	0	0	0	0	0		
CAR_BEV	-0.115633476	0	0	0	0	0	0	0	0	0	0	0	0	0	0	0	1	0	0	0	0	0	0	0	0	0	0	0		
CAR_FUEL_CELL	0	0	0	0	0	0	0	0	0	0	-0.203777799	0	0	0	0	0	1	0	0	0	0	0	0	0	0	0	0	0		
TRAIN_FREIGHT	-0.073810901	0	0	0	0	0	0	0	0	0	0	0	0	0	0	0	0	1	0	0	0	0	0	0	0	0	0	0		
BOAT_FREIGHT_DIESEL	0	0	-0.113720661	0	0	0	0	0	0	0	0	0	0	0	0	0	0	0	0	1	0	0	0	0	0	0	0	0		
BOAT_FREIGHT_NG	0	0	0	0	-0.132421277	0	0	0	0	0	0	0	0	0	0	0	0	0	0	1	0	0	0	0	0	0	0	0		
TRUCK_DIESEL	0	0	-0.544796364	0	0	0	0	0	0	0	0	0	0	0	0	0	0	0	1	0	0	0	0	0	0	0	0	0		
TRUCK_FUEL_CELL	0	0	0	0	0	0	0	0	0	0	-0.499789474	0	0	0	0	0	0	0	1	0	0	0	0	0	0	0	0	0		
TRUCK_NG	0	0	0	0	-0.635191489	0	0	0	0	0	0	0	0	0	0	0	0	0	1	0	0	0	0	0	0	0	0	0		
NON_ENERGY_OIL	0	0	0	-1	0	0	0	0	0	0	0	0	0	0	0	0	0	0	0	0	0	0	0	0	1	0	0	0		
NON_ENERGY_NG	0	0	0	0	-1	0	0	0	0	0	0	0	0	0	0	0	0	0	0	0	0	0	0	0	1	0	0	0		
EFFICIENCY	0	0	0	0	0	0	0	0	0	0	0	0	0	0	0	0	0	0	0	0	0	0	0	0	0	0	0	0		
DHN	0	0	0	0	0	0	0	0	0	0	0	0	0	0	0	0	0	0	0	0	0	0	0	0	0	0	0	0		
GRID	0	0	0	0	0	0	0	0	0	0	0	0	0	0	0	0	0	0	0	0	0	0	0	0	0	0	0	0		
INLAND_WATER_TRANSPORT	0	0	0	0	0	0	0	0	0	0	0	0	0	0	0	0	0	0	0	0	0	0	0	0	0	0	0	0		
ROADS	0	0	0	0	0	0	0	0	0	0	0	0	0	0	0	0	0	0	0	0	0	0	0	0	0	0	0	0		
RAILWAYS	0	0	0	0	0	0	0	0	0	0	0	0	0	0	0	0	0	0	0	0	0	0	0	0	0	0	0	0		
STATION_GAS_FUELS	0	0	0	0	0	0	0	0	0	0	0	0	0	0	0	0	0	0	0	0	0	0	0	0	0	0	0	0		
STATION_LIQUID_FUELS	0	0	0	0	0	0	0	0	0	0	0	0	0	0	0	0	0	0	0	0	0	0	0	0	0	0	0	0		
STATION_ELEC	0	0	0	0	0	0	0	0	0	0	0	0	0	0	0	0	0	0	0	0	0	0	0	0	0	0	0	0		
STATION_H2	0	0	0	0	0	0	0	0	0	0	0	0	0	0	0	0	0	0	0	0	0	0	0	0	0	0	0	0		
H2_ELECTROLYSIS	-1.199270968	0	0	0	0	0	0	0	0	0	1	0	0	0	0	0	0	0	0	0	0	0	0	0	0	0	0	0		
H2_NG	0	0	0	0	-1.3646	0	0	0	0	0	1	0	0	0	0	0	0	0	0	0	0	0	0	0	0	0	0.27292	0		
H2_BIOMASS	0	0	0	0	0	-2.325418548	0	0	0	0	1	0	0	0	0	0	0	0	0	0	0	0	0	0	0	0	0.901719	0		
GASIFICATION_SNG	0.0426	0	0	0	1	-1.422815447	0	0	0	0	0	0	0	0.1217	0	0	0	0	0	0	0	0	0	0	0	0	0.263523	0		
PYROLYSIS	0.0238	0	0	0	0	-1.510350346	0	0	0	0	0	1	0	0	0	0	0	0	0	0	0	0	0	0	0	0	0.2928315	0		
ATM_CCS	-1.3	0	0	0	0	0	0	0	0	0	0	0	0	0	0	0	0	0	0	0	0	0	0	0	0	-1	0	1		
INDUSTRY_CCS	-0.233	0	0	0	0	0	0	0	0	0	0	0	0	0	0	0	0	0	0	0	0	0	0	0	0	0	-1	0.9		
SYN_METHANOLATION	-0.736941176	0	0	0	0	0	0	0	0	0	-0.763552941	1	0	0.261	0	0	0	0	0	0	0	0	0	0	0	0	0	-0.247		
SYN_METHANATION	-0.0213	0	0	0	1	0	0	0	0	0	-1.28	0	0	0.295	0	0	0	0	0	0	0	0	0	0	0	0	0	-0.198		
BIOMETHANATION	0	0	0	0	1	0	-1.070663812	0	0	0	0	0	0	0	0	0	0	0	0	0	0	0	0	0	0	0	0.208779443	0		
SLF_TO_DIESEL	0	0	1	0	0	0	0	0	0	0	0	-1	0	0	0	0	0	0	0	0	0	0	0	0	0	0	0	0		
SLF_TO_GASOLINE	0	1	0	0	0	0	0	0	0	0	0	-1	0	0	0	0	0	0	0	0	0	0	0	0	0	0	0	0		
SLF_TO_LFO	0	0	0	1	0	0	0	0	0	0	0	-1	0	0	0	0	0	0	0	0	0	0	0	0	0	0	0	0		
																														
["YEAR_2030",*,*]: 	ELECTRICITY	GASOLINE	DIESEL	LFO	NG	WOOD	WET_BIOMASS	COAL	URANIUM	WASTE	H2	SLF	HEAT_HIGH_T	HEAT_LOW_T_DHN	HEAT_LOW_T_DECEN	MOB_PUBLIC	MOB_PRIVATE	MOB_FREIGHT_RAIL	MOB_FREIGHT_ROAD	MOB_FREIGHT_BOAT	RES_WIND	RES_SOLAR	RES_HYDRO	RES_GEO 	NON_ENERGY	CO2_ATM 	CO2_INDUSTRY	CO2_CAPTURED	:=	
ELECTRICITY	1	0	0	0	0	0	0	0	0	0	0	0	0	0	0	0	0	0	0	0	0	0	0	0	0	0	0	0		
GASOLINE	0	1	0	0	0	0	0	0	0	0	0	0	0	0	0	0	0	0	0	0	0	0	0	0	0	0	0	0		
DIESEL	0	0	1	0	0	0	0	0	0	0	0	0	0	0	0	0	0	0	0	0	0	0	0	0	0	0	0	0		
BIOETHANOL	0	1	0	0	0	0	0	0	0	0	0	0	0	0	0	0	0	0	0	0	0	0	0	0	0	0	0	0		
BIODIESEL	0	0	1	0	0	0	0	0	0	0	0	0	0	0	0	0	0	0	0	0	0	0	0	0	0	0	0	0		
LFO	0	0	0	1	0	0	0	0	0	0	0	0	0	0	0	0	0	0	0	0	0	0	0	0	0	0	0	0		
NG	0	0	0	0	1	0	0	0	0	0	0	0	0	0	0	0	0	0	0	0	0	0	0	0	0	0	0	0		
SNG	0	0	0	0	1	0	0	0	0	0	0	0	0	0	0	0	0	0	0	0	0	0	0	0	0	0	0	0		
WOOD	0	0	0	0	0	1	0	0	0	0	0	0	0	0	0	0	0	0	0	0	0	0	0	0	0	0	0	0		
WET_BIOMASS	0	0	0	0	0	0	1	0	0	0	0	0	0	0	0	0	0	0	0	0	0	0	0	0	0	0	0	0		
COAL	0	0	0	0	0	0	0	1	0	0	0	0	0	0	0	0	0	0	0	0	0	0	0	0	0	0	0	0		
URANIUM	0	0	0	0	0	0	0	0	1	0	0	0	0	0	0	0	0	0	0	0	0	0	0	0	0	0	0	0		
WASTE	0	0	0	0	0	0	0	0	0	1	0	0	0	0	0	0	0	0	0	0	0	0	0	0	0	0	0	0		
H2	0	0	0	0	0	0	0	0	0	0	1	0	0	0	0	0	0	0	0	0	0	0	0	0	0	0	0	0		
SLF	0	0	0	0	0	0	0	0	0	0	0	1	0	0	0	0	0	0	0	0	0	0	0	0	0	0	0	0		
ELEC_EXPORT	-1	0	0	0	0	0	0	0	0	0	0	0	0	0	0	0	0	0	0	0	0	0	0	0	0	0	0	0		
CO2_EMISSIONS	0	0	0	0	0	0	0	0	0	0	0	0	0	0	0	0	0	0	0	0	0	0	0	0	0	0	-1	0		
RES_WIND 	0	0	0	0	0	0	0	0	0	0	0	0	0	0	0	0	0	0	0	0	1	0	0	0	0	0	0	0		
RES_SOLAR  	0	0	0	0	0	0	0	0	0	0	0	0	0	0	0	0	0	0	0	0	0	1	0	0	0	0	0	0		
RES_HYDRO 	0	0	0	0	0	0	0	0	0	0	0	0	0	0	0	0	0	0	0	0	0	0	1	0	0	0	0	0		
RES_GEO	0	0	0	0	0	0	0	0	0	0	0	0	0	0	0	0	0	0	0	0	0	0	0	1	0	0	0	0		
CO2_ATM 	0	0	0	0	0	0	0	0	0	0	0	0	0	0	0	0	0	0	0	0	0	0	0	0	0	1	0	0		
CO2_INDUSTRY	0	0	0	0	0	0	0	0	0	0	0	0	0	0	0	0	0	0	0	0	0	0	0	0	0	0	1	0		
CO2_CAPTURED	0	0	0	0	0	0	0	0	0	0	0	0	0	0	0	0	0	0	0	0	0	0	0	0	0	0	0	1		
NUCLEAR	1	0	0	0	0	0	0	0	-2.777697842	0	0	0	0	0	0	0	0	0	0	0	0	0	0	0	0	0	0	0		
CCGT	1	0	0	0	-1.600310656	0	0	0	0	0	0	0	0	0	0	0	0	0	0	0	0	0	0	0	0	0	0.31746	0		
COAL_US	1	0	0	0	0	0	0	-2.055517308	0	0	0	0	0	0	0	0	0	0	0	0	0	0	0	0	0	0	0.734688	0		
COAL_IGCC	1	0	0	0	0	0	0	-1.865255048	0	0	0	0	0	0	0	0	0	0	0	0	0	0	0	0	0	0	0.666684	0		
PV	1	0	0	0	0	0	0	0	0	0	0	0	0	0	0	0	0	0	0	0	0	-1	0	0	0	0	0	0		
WIND_ONSHORE	1	0	0	0	0	0	0	0	0	0	0	0	0	0	0	0	0	0	0	0	-1	0	0	0	0	0	0	0		
WIND_OFFSHORE	1	0	0	0	0	0	0	0	0	0	0	0	0	0	0	0	0	0	0	0	-1	0	0	0	0	0	0	0		
HYDRO_RIVER	1	0	0	0	0	0	0	0	0	0	0	0	0	0	0	0	0	0	0	0	0	0	-1	0	0	0	0	0		
GEOTHERMAL	1	0	0	0	0	0	0	0	0	0	0	0	0	0	0	0	0	0	0	0	0	0	0	-1	0	0	0	0		
IND_COGEN_GAS	0.9565	0	0	0	-2.1739	0	0	0	0	0	0	0	1	0	0	0	0	0	0	0	0	0	0	0	0	0	0.43478	0		
IND_COGEN_WOOD	0.3396	0	0	0	0	-1.8868	0	0	0	0	0	0	1	0	0	0	0	0	0	0	0	0	0	0	0	0	0.735852	0		
IND_COGEN_WASTE	0.4444	0	0	0	0	0	0	0	0	-2.224411144	0	0	1	0	0	0	0	0	0	0	0	0	0	0	0	0	0.577772	0		
IND_BOILER_GAS	0	0	0	0	-1.0785	0	0	0	0	0	0	0	1	0	0	0	0	0	0	0	0	0	0	0	0	0	0.2157	0		
IND_BOILER_WOOD	0	0	0	0	0	-1.1568	0	0	0	0	0	0	1	0	0	0	0	0	0	0	0	0	0	0	0	0	0.451152	0		
IND_BOILER_OIL	0	0	0	-1.1461	0	0	0	0	0	0	0	0	1	0	0	0	0	0	0	0	0	0	0	0	0	0	0.297986	0		
IND_BOILER_COAL	0	0	0	0	0	0	0	-1.2195	0	0	0	0	1	0	0	0	0	0	0	0	0	0	0	0	0	0	0.43902	0		
IND_BOILER_WASTE	0	0	0	0	0	0	0	0	0	-1.2195	0	0	1	0	0	0	0	0	0	0	0	0	0	0	0	0	0.31707	0		
IND_DIRECT_ELEC	-1	0	0	0	0	0	0	0	0	0	0	0	1	0	0	0	0	0	0	0	0	0	0	0	0	0	0	0		
DHN_HP_ELEC	-0.254934211	0	0	0	0	0	0	0	0	0	0	0	0	1	0	0	0	0	0	0	0	0	0	0	0	0	0	0		
DHN_COGEN_GAS	1.25	0	0	0	-2.5	0	0	0	0	0	0	0	0	1	0	0	0	0	0	0	0	0	0	0	0	0	0.5	0		
DHN_COGEN_WOOD	0.3396	0	0	0	0	-1.8868	0	0	0	0	0	0	0	1	0	0	0	0	0	0	0	0	0	0	0	0	0.735852	0		
DHN_COGEN_WASTE	0.4444	0	0	0	0	0	0	0	0	-2.224411144	0	0	0	1	0	0	0	0	0	0	0	0	0	0	0	0	0.577772	0		
DHN_COGEN_WET_BIOMASS	0.875	0	0	0	0	0	-2.502487562	0	0	0	0	0	0	1	0	0	0	0	0	0	0	0	0	0	0	0	0.975	0		
DHN_BOILER_GAS	0	0	0	0	-1.0785	0	0	0	0	0	0	0	0	1	0	0	0	0	0	0	0	0	0	0	0	0	0.2157	0		
DHN_BOILER_WOOD	0	0	0	0	0	-1.1568	0	0	0	0	0	0	0	1	0	0	0	0	0	0	0	0	0	0	0	0	0.451152	0		
DHN_BOILER_OIL	0	0	0	-1.1461	0	0	0	0	0	0	0	0	0	1	0	0	0	0	0	0	0	0	0	0	0	0	0.297986	0		
DHN_DEEP_GEO	0	0	0	0	0	0	0	0	0	0	0	0	0	1	0	0	0	0	0	0	0	0	0	-1	0	0	0	0		
DHN_SOLAR	0	0	0	0	0	0	0	0	0	0	0	0	0	1	0	0	0	0	0	0	0	-1	0	0	0	0	0	0		
DEC_HP_ELEC	-0.339878289	0	0	0	0	0	0	0	0	0	0	0	0	0	1	0	0	0	0	0	0	0	0	0	0	0	0	0		
DEC_THHP_GAS	0	0	0	0	-0.679858553	0	0	0	0	0	0	0	0	0	1	0	0	0	0	0	0	0	0	0	0	0	0	0		
DEC_COGEN_GAS	0.9565	0	0	0	-2.1739	0	0	0	0	0	0	0	0	0	1	0	0	0	0	0	0	0	0	0	0	0	0	0		
DEC_COGEN_OIL	0.907	0	0	-2.3256	0	0	0	0	0	0	0	0	0	0	1	0	0	0	0	0	0	0	0	0	0	0	0	0		
DEC_ADVCOGEN_GAS	2.6364	0	0	0	-4.5455	0	0	0	0	0	0	0	0	0	1	0	0	0	0	0	0	0	0	0	0	0	0	0		
DEC_ADVCOGEN_H2	2.6364	0	0	0	0	0	0	0	0	0	-4.5455	0	0	0	1	0	0	0	0	0	0	0	0	0	0	0	0	0		
DEC_BOILER_GAS	0	0	0	0	-1.1111	0	0	0	0	0	0	0	0	0	1	0	0	0	0	0	0	0	0	0	0	0	0	0		
DEC_BOILER_WOOD	0	0	0	0	0	-1.1765	0	0	0	0	0	0	0	0	1	0	0	0	0	0	0	0	0	0	0	0	0	0		
DEC_BOILER_OIL	0	0	0	-1.1765	0	0	0	0	0	0	0	0	0	0	1	0	0	0	0	0	0	0	0	0	0	0	0	0		
DEC_SOLAR	0	0	0	0	0	0	0	0	0	0	0	0	0	0	1	0	0	0	0	0	0	-1	0	0	0	0	0	0		
DEC_DIRECT_ELEC	-1	0	0	0	0	0	0	0	0	0	0	0	0	0	1	0	0	0	0	0	0	0	0	0	0	0	0	0		
TRAMWAY_TROLLEY	-0.171710149	0	0	0	0	0	0	0	0	0	0	0	0	0	0	1	0	0	0	0	0	0	0	0	0	0	0	0		
BUS_COACH_DIESEL	0	0	-0.273584135	0	0	0	0	0	0	0	0	0	0	0	0	1	0	0	0	0	0	0	0	0	0	0	0	0		
BUS_COACH_HYDIESEL	0	0	-0.191137162	0	0	0	0	0	0	0	0	0	0	0	0	1	0	0	0	0	0	0	0	0	0	0	0	0		
BUS_COACH_CNG_STOICH	0	0	0	0	-0.317494262	0	0	0	0	0	0	0	0	0	0	1	0	0	0	0	0	0	0	0	0	0	0	0		
BUS_COACH_FC_HYBRIDH2	0	0	0	0	0	0	0	0	0	0	-0.239846326	0	0	0	0	1	0	0	0	0	0	0	0	0	0	0	0	0		
TRAIN_PUB	-0.095256023	0	0	0	0	0	0	0	0	0	0	0	0	0	0	1	0	0	0	0	0	0	0	0	0	0	0	0		
CAR_GASOLINE	0	-0.44554959	0	0	0	0	0	0	0	0	0	0	0	0	0	0	1	0	0	0	0	0	0	0	0	0	0	0		
CAR_DIESEL	0	0	-0.398577564	0	0	0	0	0	0	0	0	0	0	0	0	0	1	0	0	0	0	0	0	0	0	0	0	0		
CAR_NG	0	0	0	0	-0.50040082	0	0	0	0	0	0	0	0	0	0	0	1	0	0	0	0	0	0	0	0	0	0	0		
CAR_HEV	0	-0.258369764	0	0	0	0	0	0	0	0	0	0	0	0	0	0	1	0	0	0	0	0	0	0	0	0	0	0		
CAR_PHEV	-0.046918896	-0.183505017	0	0	0	0	0	0	0	0	0	0	0	0	0	0	1	0	0	0	0	0	0	0	0	0	0	0		
CAR_BEV	-0.11114934	0	0	0	0	0	0	0	0	0	0	0	0	0	0	0	1	0	0	0	0	0	0	0	0	0	0	0		
CAR_FUEL_CELL	0	0	0	0	0	0	0	0	0	0	-0.190813441	0	0	0	0	0	1	0	0	0	0	0	0	0	0	0	0	0		
TRAIN_FREIGHT	-0.070948597	0	0	0	0	0	0	0	0	0	0	0	0	0	0	0	0	1	0	0	0	0	0	0	0	0	0	0		
BOAT_FREIGHT_DIESEL	0	0	-0.110258013	0	0	0	0	0	0	0	0	0	0	0	0	0	0	0	0	1	0	0	0	0	0	0	0	0		
BOAT_FREIGHT_NG	0	0	0	0	-0.127536885	0	0	0	0	0	0	0	0	0	0	0	0	0	0	1	0	0	0	0	0	0	0	0		
TRUCK_DIESEL	0	0	-0.528208013	0	0	0	0	0	0	0	0	0	0	0	0	0	0	0	1	0	0	0	0	0	0	0	0	0		
TRUCK_FUEL_CELL	0	0	0	0	0	0	0	0	0	0	-0.467992832	0	0	0	0	0	0	0	1	0	0	0	0	0	0	0	0	0		
TRUCK_NG	0	0	0	0	-0.611762295	0	0	0	0	0	0	0	0	0	0	0	0	0	1	0	0	0	0	0	0	0	0	0		
NON_ENERGY_OIL	0	0	0	-1	0	0	0	0	0	0	0	0	0	0	0	0	0	0	0	0	0	0	0	0	1	0	0	0		
NON_ENERGY_NG	0	0	0	0	-1	0	0	0	0	0	0	0	0	0	0	0	0	0	0	0	0	0	0	0	1	0	0	0		
EFFICIENCY	0	0	0	0	0	0	0	0	0	0	0	0	0	0	0	0	0	0	0	0	0	0	0	0	0	0	0	0		
DHN	0	0	0	0	0	0	0	0	0	0	0	0	0	0	0	0	0	0	0	0	0	0	0	0	0	0	0	0		
GRID	0	0	0	0	0	0	0	0	0	0	0	0	0	0	0	0	0	0	0	0	0	0	0	0	0	0	0	0		
INLAND_WATER_TRANSPORT	0	0	0	0	0	0	0	0	0	0	0	0	0	0	0	0	0	0	0	0	0	0	0	0	0	0	0	0		
ROADS	0	0	0	0	0	0	0	0	0	0	0	0	0	0	0	0	0	0	0	0	0	0	0	0	0	0	0	0		
RAILWAYS	0	0	0	0	0	0	0	0	0	0	0	0	0	0	0	0	0	0	0	0	0	0	0	0	0	0	0	0		
STATION_GAS_FUELS	0	0	0	0	0	0	0	0	0	0	0	0	0	0	0	0	0	0	0	0	0	0	0	0	0	0	0	0		
STATION_LIQUID_FUELS	0	0	0	0	0	0	0	0	0	0	0	0	0	0	0	0	0	0	0	0	0	0	0	0	0	0	0	0		
STATION_ELEC	0	0	0	0	0	0	0	0	0	0	0	0	0	0	0	0	0	0	0	0	0	0	0	0	0	0	0	0		
STATION_H2	0	0	0	0	0	0	0	0	0	0	0	0	0	0	0	0	0	0	0	0	0	0	0	0	0	0	0	0		
H2_ELECTROLYSIS	-1.1765	0	0	0	0	0	0	0	0	0	1	0	0	0	0	0	0	0	0	0	0	0	0	0	0	0	0	0		
H2_NG	0	0	0	0	-1.3646	0	0	0	0	0	1	0	0	0	0	0	0	0	0	0	0	0	0	0	0	0	0.27292	0		
H2_BIOMASS	0	0	0	0	0	-2.325418548	0	0	0	0	1	0	0	0	0	0	0	0	0	0	0	0	0	0	0	0	0.901719	0		
GASIFICATION_SNG	0.0426	0	0	0	1	-1.388938889	0	0	0	0	0	0	0	0.1217	0	0	0	0	0	0	0	0	0	0	0	0	0.263523	0		
PYROLYSIS	0.0238	0	0	0	0	-1.510350346	0	0	0	0	0	1	0	0	0	0	0	0	0	0	0	0	0	0	0	0	0.2928315	0		
ATM_CCS	-1.3	0	0	0	0	0	0	0	0	0	0	0	0	0	0	0	0	0	0	0	0	0	0	0	0	-1	0	1		
INDUSTRY_CCS	-0.233	0	0	0	0	0	0	0	0	0	0	0	0	0	0	0	0	0	0	0	0	0	0	0	0	0	-1	0.9		
SYN_METHANOLATION	-0.728372093	0	0	0	0	0	0	0	0	0	-0.754674419	1	0	0.261	0	0	0	0	0	0	0	0	0	0	0	0	0	-0.247		
SYN_METHANATION	-0.0213	0	0	0	1	0	0	0	0	0	-1.28	0	0	0.295	0	0	0	0	0	0	0	0	0	0	0	0	0	-0.198		
BIOMETHANATION	0	0	0	0	1	0	-1.070663812	0	0	0	0	0	0	0	0	0	0	0	0	0	0	0	0	0	0	0	0.208779443	0		
SLF_TO_DIESEL	0	0	1	0	0	0	0	0	0	0	0	-1	0	0	0	0	0	0	0	0	0	0	0	0	0	0	0	0		
SLF_TO_GASOLINE	0	1	0	0	0	0	0	0	0	0	0	-1	0	0	0	0	0	0	0	0	0	0	0	0	0	0	0	0		
SLF_TO_LFO	0	0	0	1	0	0	0	0	0	0	0	-1	0	0	0	0	0	0	0	0	0	0	0	0	0	0	0	0		
																														
["YEAR_2035",*,*]: 	ELECTRICITY	GASOLINE	DIESEL	LFO	NG	WOOD	WET_BIOMASS	COAL	URANIUM	WASTE	H2	SLF	HEAT_HIGH_T	HEAT_LOW_T_DHN	HEAT_LOW_T_DECEN	MOB_PUBLIC	MOB_PRIVATE	MOB_FREIGHT_RAIL	MOB_FREIGHT_ROAD	MOB_FREIGHT_BOAT	RES_WIND	RES_SOLAR	RES_HYDRO	RES_GEO 	NON_ENERGY	CO2_ATM 	CO2_INDUSTRY	CO2_CAPTURED	:=	
ELECTRICITY	1	0	0	0	0	0	0	0	0	0	0	0	0	0	0	0	0	0	0	0	0	0	0	0	0	0	0	0		
GASOLINE	0	1	0	0	0	0	0	0	0	0	0	0	0	0	0	0	0	0	0	0	0	0	0	0	0	0	0	0		
DIESEL	0	0	1	0	0	0	0	0	0	0	0	0	0	0	0	0	0	0	0	0	0	0	0	0	0	0	0	0		
BIOETHANOL	0	1	0	0	0	0	0	0	0	0	0	0	0	0	0	0	0	0	0	0	0	0	0	0	0	0	0	0		
BIODIESEL	0	0	1	0	0	0	0	0	0	0	0	0	0	0	0	0	0	0	0	0	0	0	0	0	0	0	0	0		
LFO	0	0	0	1	0	0	0	0	0	0	0	0	0	0	0	0	0	0	0	0	0	0	0	0	0	0	0	0		
NG	0	0	0	0	1	0	0	0	0	0	0	0	0	0	0	0	0	0	0	0	0	0	0	0	0	0	0	0		
SNG	0	0	0	0	1	0	0	0	0	0	0	0	0	0	0	0	0	0	0	0	0	0	0	0	0	0	0	0		
WOOD	0	0	0	0	0	1	0	0	0	0	0	0	0	0	0	0	0	0	0	0	0	0	0	0	0	0	0	0		
WET_BIOMASS	0	0	0	0	0	0	1	0	0	0	0	0	0	0	0	0	0	0	0	0	0	0	0	0	0	0	0	0		
COAL	0	0	0	0	0	0	0	1	0	0	0	0	0	0	0	0	0	0	0	0	0	0	0	0	0	0	0	0		
URANIUM	0	0	0	0	0	0	0	0	1	0	0	0	0	0	0	0	0	0	0	0	0	0	0	0	0	0	0	0		
WASTE	0	0	0	0	0	0	0	0	0	1	0	0	0	0	0	0	0	0	0	0	0	0	0	0	0	0	0	0		
H2	0	0	0	0	0	0	0	0	0	0	1	0	0	0	0	0	0	0	0	0	0	0	0	0	0	0	0	0		
SLF	0	0	0	0	0	0	0	0	0	0	0	1	0	0	0	0	0	0	0	0	0	0	0	0	0	0	0	0		
ELEC_EXPORT	-1	0	0	0	0	0	0	0	0	0	0	0	0	0	0	0	0	0	0	0	0	0	0	0	0	0	0	0		
CO2_EMISSIONS	0	0	0	0	0	0	0	0	0	0	0	0	0	0	0	0	0	0	0	0	0	0	0	0	0	0	-1	0		
RES_WIND 	0	0	0	0	0	0	0	0	0	0	0	0	0	0	0	0	0	0	0	0	1	0	0	0	0	0	0	0		
RES_SOLAR  	0	0	0	0	0	0	0	0	0	0	0	0	0	0	0	0	0	0	0	0	0	1	0	0	0	0	0	0		
RES_HYDRO 	0	0	0	0	0	0	0	0	0	0	0	0	0	0	0	0	0	0	0	0	0	0	1	0	0	0	0	0		
RES_GEO	0	0	0	0	0	0	0	0	0	0	0	0	0	0	0	0	0	0	0	0	0	0	0	1	0	0	0	0		
CO2_ATM 	0	0	0	0	0	0	0	0	0	0	0	0	0	0	0	0	0	0	0	0	0	0	0	0	0	1	0	0		
CO2_INDUSTRY	0	0	0	0	0	0	0	0	0	0	0	0	0	0	0	0	0	0	0	0	0	0	0	0	0	0	1	0		
CO2_CAPTURED	0	0	0	0	0	0	0	0	0	0	0	0	0	0	0	0	0	0	0	0	0	0	0	0	0	0	0	1		
NUCLEAR	1	0	0	0	0	0	0	0	-2.7027	0	0	0	0	0	0	0	0	0	0	0	0	0	0	0	0	0	0	0		
CCGT	1	0	0	0	-1.5873	0	0	0	0	0	0	0	0	0	0	0	0	0	0	0	0	0	0	0	0	0	0.31746	0		
COAL_US	1	0	0	0	0	0	0	-2.0408	0	0	0	0	0	0	0	0	0	0	0	0	0	0	0	0	0	0	0.734688	0		
COAL_IGCC	1	0	0	0	0	0	0	-1.8519	0	0	0	0	0	0	0	0	0	0	0	0	0	0	0	0	0	0	0.666684	0		
PV	1	0	0	0	0	0	0	0	0	0	0	0	0	0	0	0	0	0	0	0	0	-1	0	0	0	0	0	0		
WIND_ONSHORE	1	0	0	0	0	0	0	0	0	0	0	0	0	0	0	0	0	0	0	0	-1	0	0	0	0	0	0	0		
WIND_OFFSHORE	1	0	0	0	0	0	0	0	0	0	0	0	0	0	0	0	0	0	0	0	-1	0	0	0	0	0	0	0		
HYDRO_RIVER	1	0	0	0	0	0	0	0	0	0	0	0	0	0	0	0	0	0	0	0	0	0	-1	0	0	0	0	0		
GEOTHERMAL	1	0	0	0	0	0	0	0	0	0	0	0	0	0	0	0	0	0	0	0	0	0	0	-1	0	0	0	0		
IND_COGEN_GAS	0.9565	0	0	0	-2.1739	0	0	0	0	0	0	0	1	0	0	0	0	0	0	0	0	0	0	0	0	0	0.43478	0		
IND_COGEN_WOOD	0.3396	0	0	0	0	-1.8868	0	0	0	0	0	0	1	0	0	0	0	0	0	0	0	0	0	0	0	0	0.735852	0		
IND_COGEN_WASTE	0.4444	0	0	0	0	0	0	0	0	-2.2222	0	0	1	0	0	0	0	0	0	0	0	0	0	0	0	0	0.577772	0		
IND_BOILER_GAS	0	0	0	0	-1.0785	0	0	0	0	0	0	0	1	0	0	0	0	0	0	0	0	0	0	0	0	0	0.2157	0		
IND_BOILER_WOOD	0	0	0	0	0	-1.1568	0	0	0	0	0	0	1	0	0	0	0	0	0	0	0	0	0	0	0	0	0.451152	0		
IND_BOILER_OIL	0	0	0	-1.1461	0	0	0	0	0	0	0	0	1	0	0	0	0	0	0	0	0	0	0	0	0	0	0.297986	0		
IND_BOILER_COAL	0	0	0	0	0	0	0	-1.2195	0	0	0	0	1	0	0	0	0	0	0	0	0	0	0	0	0	0	0.43902	0		
IND_BOILER_WASTE	0	0	0	0	0	0	0	0	0	-1.2195	0	0	1	0	0	0	0	0	0	0	0	0	0	0	0	0	0.31707	0		
IND_DIRECT_ELEC	-1	0	0	0	0	0	0	0	0	0	0	0	1	0	0	0	0	0	0	0	0	0	0	0	0	0	0	0		
DHN_HP_ELEC	-0.25	0	0	0	0	0	0	0	0	0	0	0	0	1	0	0	0	0	0	0	0	0	0	0	0	0	0	0		
DHN_COGEN_GAS	1.25	0	0	0	-2.5	0	0	0	0	0	0	0	0	1	0	0	0	0	0	0	0	0	0	0	0	0	0.5	0		
DHN_COGEN_WOOD	0.3396	0	0	0	0	-1.8868	0	0	0	0	0	0	0	1	0	0	0	0	0	0	0	0	0	0	0	0	0.735852	0		
DHN_COGEN_WASTE	0.4444	0	0	0	0	0	0	0	0	-2.2222	0	0	0	1	0	0	0	0	0	0	0	0	0	0	0	0	0.577772	0		
DHN_COGEN_WET_BIOMASS	0.875	0	0	0	0	0	-2.5	0	0	0	0	0	0	1	0	0	0	0	0	0	0	0	0	0	0	0	0.975	0		
DHN_BOILER_GAS	0	0	0	0	-1.0785	0	0	0	0	0	0	0	0	1	0	0	0	0	0	0	0	0	0	0	0	0	0.2157	0		
DHN_BOILER_WOOD	0	0	0	0	0	-1.1568	0	0	0	0	0	0	0	1	0	0	0	0	0	0	0	0	0	0	0	0	0.451152	0		
DHN_BOILER_OIL	0	0	0	-1.1461	0	0	0	0	0	0	0	0	0	1	0	0	0	0	0	0	0	0	0	0	0	0	0.297986	0		
DHN_DEEP_GEO	0	0	0	0	0	0	0	0	0	0	0	0	0	1	0	0	0	0	0	0	0	0	0	-1	0	0	0	0		
DHN_SOLAR	0	0	0	0	0	0	0	0	0	0	0	0	0	1	0	0	0	0	0	0	0	-1	0	0	0	0	0	0		
DEC_HP_ELEC	-0.3333	0	0	0	0	0	0	0	0	0	0	0	0	0	1	0	0	0	0	0	0	0	0	0	0	0	0	0		
DEC_THHP_GAS	0	0	0	0	-0.6667	0	0	0	0	0	0	0	0	0	1	0	0	0	0	0	0	0	0	0	0	0	0	0		
DEC_COGEN_GAS	0.9565	0	0	0	-2.1739	0	0	0	0	0	0	0	0	0	1	0	0	0	0	0	0	0	0	0	0	0	0	0		
DEC_COGEN_OIL	0.907	0	0	-2.3256	0	0	0	0	0	0	0	0	0	0	1	0	0	0	0	0	0	0	0	0	0	0	0	0		
DEC_ADVCOGEN_GAS	2.6364	0	0	0	-4.5455	0	0	0	0	0	0	0	0	0	1	0	0	0	0	0	0	0	0	0	0	0	0	0		
DEC_ADVCOGEN_H2	2.6364	0	0	0	0	0	0	0	0	0	-4.5455	0	0	0	1	0	0	0	0	0	0	0	0	0	0	0	0	0		
DEC_BOILER_GAS	0	0	0	0	-1.1111	0	0	0	0	0	0	0	0	0	1	0	0	0	0	0	0	0	0	0	0	0	0	0		
DEC_BOILER_WOOD	0	0	0	0	0	-1.1765	0	0	0	0	0	0	0	0	1	0	0	0	0	0	0	0	0	0	0	0	0	0		
DEC_BOILER_OIL	0	0	0	-1.1765	0	0	0	0	0	0	0	0	0	0	1	0	0	0	0	0	0	0	0	0	0	0	0	0		
DEC_SOLAR	0	0	0	0	0	0	0	0	0	0	0	0	0	0	1	0	0	0	0	0	0	-1	0	0	0	0	0	0		
DEC_DIRECT_ELEC	-1	0	0	0	0	0	0	0	0	0	0	0	0	0	1	0	0	0	0	0	0	0	0	0	0	0	0	0		
TRAMWAY_TROLLEY	-0.1653	0	0	0	0	0	0	0	0	0	0	0	0	0	0	1	0	0	0	0	0	0	0	0	0	0	0	0		
BUS_COACH_DIESEL	0	0	-0.2655	0	0	0	0	0	0	0	0	0	0	0	0	1	0	0	0	0	0	0	0	0	0	0	0	0		
BUS_COACH_HYDIESEL	0	0	-0.1828	0	0	0	0	0	0	0	0	0	0	0	0	1	0	0	0	0	0	0	0	0	0	0	0	0		
BUS_COACH_CNG_STOICH	0	0	0	0	-0.3062	0	0	0	0	0	0	0	0	0	0	1	0	0	0	0	0	0	0	0	0	0	0	0		
BUS_COACH_FC_HYBRIDH2	0	0	0	0	0	0	0	0	0	0	-0.2255	0	0	0	0	1	0	0	0	0	0	0	0	0	0	0	0	0		
TRAIN_PUB	-0.0917	0	0	0	0	0	0	0	0	0	0	0	0	0	0	1	0	0	0	0	0	0	0	0	0	0	0	0		
CAR_GASOLINE	0	-0.4297	0	0	0	0	0	0	0	0	0	0	0	0	0	0	1	0	0	0	0	0	0	0	0	0	0	0		
CAR_DIESEL	0	0	-0.3868	0	0	0	0	0	0	0	0	0	0	0	0	0	1	0	0	0	0	0	0	0	0	0	0	0		
CAR_NG	0	0	0	0	-0.4826	0	0	0	0	0	0	0	0	0	0	0	1	0	0	0	0	0	0	0	0	0	0	0		
CAR_HEV	0	-0.2471	0	0	0	0	0	0	0	0	0	0	0	0	0	0	1	0	0	0	0	0	0	0	0	0	0	0		
CAR_PHEV	-0.045	-0.176	0	0	0	0	0	0	0	0	0	0	0	0	0	0	1	0	0	0	0	0	0	0	0	0	0	0		
CAR_BEV	-0.107	0	0	0	0	0	0	0	0	0	0	0	0	0	0	0	1	0	0	0	0	0	0	0	0	0	0	0		
CAR_FUEL_CELL	0	0	0	0	0	0	0	0	0	0	-0.1794	0	0	0	0	0	1	0	0	0	0	0	0	0	0	0	0	0		
TRAIN_FREIGHT	-0.0683	0	0	0	0	0	0	0	0	0	0	0	0	0	0	0	0	1	0	0	0	0	0	0	0	0	0	0		
BOAT_FREIGHT_DIESEL	0	0	-0.107	0	0	0	0	0	0	0	0	0	0	0	0	0	0	0	0	1	0	0	0	0	0	0	0	0		
BOAT_FREIGHT_NG	0	0	0	0	-0.123	0	0	0	0	0	0	0	0	0	0	0	0	0	0	1	0	0	0	0	0	0	0	0		
TRUCK_DIESEL	0	0	-0.5126	0	0	0	0	0	0	0	0	0	0	0	0	0	0	0	1	0	0	0	0	0	0	0	0	0		
TRUCK_FUEL_CELL	0	0	0	0	0	0	0	0	0	0	-0.44	0	0	0	0	0	0	0	1	0	0	0	0	0	0	0	0	0		
TRUCK_NG	0	0	0	0	-0.59	0	0	0	0	0	0	0	0	0	0	0	0	0	1	0	0	0	0	0	0	0	0	0		
NON_ENERGY_OIL	0	0	0	-1	0	0	0	0	0	0	0	0	0	0	0	0	0	0	0	0	0	0	0	0	1	0	0	0		
NON_ENERGY_NG	0	0	0	0	-1	0	0	0	0	0	0	0	0	0	0	0	0	0	0	0	0	0	0	0	1	0	0	0		
EFFICIENCY	0	0	0	0	0	0	0	0	0	0	0	0	0	0	0	0	0	0	0	0	0	0	0	0	0	0	0	0		
DHN	0	0	0	0	0	0	0	0	0	0	0	0	0	0	0	0	0	0	0	0	0	0	0	0	0	0	0	0		
GRID	0	0	0	0	0	0	0	0	0	0	0	0	0	0	0	0	0	0	0	0	0	0	0	0	0	0	0	0		
INLAND_WATER_TRANSPORT	0	0	0	0	0	0	0	0	0	0	0	0	0	0	0	0	0	0	0	0	0	0	0	0	0	0	0	0		
ROADS	0	0	0	0	0	0	0	0	0	0	0	0	0	0	0	0	0	0	0	0	0	0	0	0	0	0	0	0		
RAILWAYS	0	0	0	0	0	0	0	0	0	0	0	0	0	0	0	0	0	0	0	0	0	0	0	0	0	0	0	0		
STATION_GAS_FUELS	0	0	0	0	0	0	0	0	0	0	0	0	0	0	0	0	0	0	0	0	0	0	0	0	0	0	0	0		
STATION_LIQUID_FUELS	0	0	0	0	0	0	0	0	0	0	0	0	0	0	0	0	0	0	0	0	0	0	0	0	0	0	0	0		
STATION_ELEC	0	0	0	0	0	0	0	0	0	0	0	0	0	0	0	0	0	0	0	0	0	0	0	0	0	0	0	0		
STATION_H2	0	0	0	0	0	0	0	0	0	0	0	0	0	0	0	0	0	0	0	0	0	0	0	0	0	0	0	0		
H2_ELECTROLYSIS	-1.1765	0	0	0	0	0	0	0	0	0	1	0	0	0	0	0	0	0	0	0	0	0	0	0	0	0	0	0		
H2_NG	0	0	0	0	-1.3646	0	0	0	0	0	1	0	0	0	0	0	0	0	0	0	0	0	0	0	0	0	0.27292	0		
H2_BIOMASS	0	0	0	0	0	-2.3121	0	0	0	0	1	0	0	0	0	0	0	0	0	0	0	0	0	0	0	0	0.901719	0		
GASIFICATION_SNG	0.0426	0	0	0	1	-1.3514	0	0	0	0	0	0	0	0.1217	0	0	0	0	0	0	0	0	0	0	0	0	0.263523	0		
PYROLYSIS	0.0238	0	0	0	0	-1.5017	0	0	0	0	0	1	0	0	0	0	0	0	0	0	0	0	0	0	0	0	0.2928315	0		
ATM_CCS	-1.3	0	0	0	0	0	0	0	0	0	0	0	0	0	0	0	0	0	0	0	0	0	0	0	0	-1	0	1		
INDUSTRY_CCS	-0.233	0	0	0	0	0	0	0	0	0	0	0	0	0	0	0	0	0	0	0	0	0	0	0	0	0	-1	0.9		
SYN_METHANOLATION	-0.72	0	0	0	0	0	0	0	0	0	-0.746	1	0	0.261	0	0	0	0	0	0	0	0	0	0	0	0	0	-0.247		
SYN_METHANATION	-0.0213	0	0	0	1	0	0	0	0	0	-1.28	0	0	0.295	0	0	0	0	0	0	0	0	0	0	0	0	0	-0.198		
BIOMETHANATION	0	0	0	0	1	0	-1.070663812	0	0	0	0	0	0	0	0	0	0	0	0	0	0	0	0	0	0	0	0.208779443	0		
SLF_TO_DIESEL	0	0	1	0	0	0	0	0	0	0	0	-1	0	0	0	0	0	0	0	0	0	0	0	0	0	0	0	0		
SLF_TO_GASOLINE	0	1	0	0	0	0	0	0	0	0	0	-1	0	0	0	0	0	0	0	0	0	0	0	0	0	0	0	0		
SLF_TO_LFO	0	0	0	1	0	0	0	0	0	0	0	-1	0	0	0	0	0	0	0	0	0	0	0	0	0	0	0	0		
																														
["YEAR_2040",*,*]: 	ELECTRICITY	GASOLINE	DIESEL	LFO	NG	WOOD	WET_BIOMASS	COAL	URANIUM	WASTE	H2	SLF	HEAT_HIGH_T	HEAT_LOW_T_DHN	HEAT_LOW_T_DECEN	MOB_PUBLIC	MOB_PRIVATE	MOB_FREIGHT_RAIL	MOB_FREIGHT_ROAD	MOB_FREIGHT_BOAT	RES_WIND	RES_SOLAR	RES_HYDRO	RES_GEO 	NON_ENERGY	CO2_ATM 	CO2_INDUSTRY	CO2_CAPTURED	:=	
ELECTRICITY	1	0	0	0	0	0	0	0	0	0	0	0	0	0	0	0	0	0	0	0	0	0	0	0	0	0	0	0		
GASOLINE	0	1	0	0	0	0	0	0	0	0	0	0	0	0	0	0	0	0	0	0	0	0	0	0	0	0	0	0		
DIESEL	0	0	1	0	0	0	0	0	0	0	0	0	0	0	0	0	0	0	0	0	0	0	0	0	0	0	0	0		
BIOETHANOL	0	1	0	0	0	0	0	0	0	0	0	0	0	0	0	0	0	0	0	0	0	0	0	0	0	0	0	0		
BIODIESEL	0	0	1	0	0	0	0	0	0	0	0	0	0	0	0	0	0	0	0	0	0	0	0	0	0	0	0	0		
LFO	0	0	0	1	0	0	0	0	0	0	0	0	0	0	0	0	0	0	0	0	0	0	0	0	0	0	0	0		
NG	0	0	0	0	1	0	0	0	0	0	0	0	0	0	0	0	0	0	0	0	0	0	0	0	0	0	0	0		
SNG	0	0	0	0	1	0	0	0	0	0	0	0	0	0	0	0	0	0	0	0	0	0	0	0	0	0	0	0		
WOOD	0	0	0	0	0	1	0	0	0	0	0	0	0	0	0	0	0	0	0	0	0	0	0	0	0	0	0	0		
WET_BIOMASS	0	0	0	0	0	0	1	0	0	0	0	0	0	0	0	0	0	0	0	0	0	0	0	0	0	0	0	0		
COAL	0	0	0	0	0	0	0	1	0	0	0	0	0	0	0	0	0	0	0	0	0	0	0	0	0	0	0	0		
URANIUM	0	0	0	0	0	0	0	0	1	0	0	0	0	0	0	0	0	0	0	0	0	0	0	0	0	0	0	0		
WASTE	0	0	0	0	0	0	0	0	0	1	0	0	0	0	0	0	0	0	0	0	0	0	0	0	0	0	0	0		
H2	0	0	0	0	0	0	0	0	0	0	1	0	0	0	0	0	0	0	0	0	0	0	0	0	0	0	0	0		
SLF	0	0	0	0	0	0	0	0	0	0	0	1	0	0	0	0	0	0	0	0	0	0	0	0	0	0	0	0		
ELEC_EXPORT	-1	0	0	0	0	0	0	0	0	0	0	0	0	0	0	0	0	0	0	0	0	0	0	0	0	0	0	0		
CO2_EMISSIONS	0	0	0	0	0	0	0	0	0	0	0	0	0	0	0	0	0	0	0	0	0	0	0	0	0	0	-1	0		
RES_WIND 	0	0	0	0	0	0	0	0	0	0	0	0	0	0	0	0	0	0	0	0	1	0	0	0	0	0	0	0		
RES_SOLAR  	0	0	0	0	0	0	0	0	0	0	0	0	0	0	0	0	0	0	0	0	0	1	0	0	0	0	0	0		
RES_HYDRO 	0	0	0	0	0	0	0	0	0	0	0	0	0	0	0	0	0	0	0	0	0	0	1	0	0	0	0	0		
RES_GEO	0	0	0	0	0	0	0	0	0	0	0	0	0	0	0	0	0	0	0	0	0	0	0	1	0	0	0	0		
CO2_ATM 	0	0	0	0	0	0	0	0	0	0	0	0	0	0	0	0	0	0	0	0	0	0	0	0	0	1	0	0		
CO2_INDUSTRY	0	0	0	0	0	0	0	0	0	0	0	0	0	0	0	0	0	0	0	0	0	0	0	0	0	0	1	0		
CO2_CAPTURED	0	0	0	0	0	0	0	0	0	0	0	0	0	0	0	0	0	0	0	0	0	0	0	0	0	0	0	1		
NUCLEAR	1	0	0	0	0	0	0	0	-2.63164557	0	0	0	0	0	0	0	0	0	0	0	0	0	0	0	0	0	0	0		
CCGT	1	0	0	0	-1.574499194	0	0	0	0	0	0	0	0	0	0	0	0	0	0	0	0	0	0	0	0	0	0.31746	0		
COAL_US	1	0	0	0	0	0	0	-2.026291943	0	0	0	0	0	0	0	0	0	0	0	0	0	0	0	0	0	0	0.734688	0		
COAL_IGCC	1	0	0	0	0	0	0	-1.838734834	0	0	0	0	0	0	0	0	0	0	0	0	0	0	0	0	0	0	0.666684	0		
PV	1	0	0	0	0	0	0	0	0	0	0	0	0	0	0	0	0	0	0	0	0	-1	0	0	0	0	0	0		
WIND_ONSHORE	1	0	0	0	0	0	0	0	0	0	0	0	0	0	0	0	0	0	0	0	-1	0	0	0	0	0	0	0		
WIND_OFFSHORE	1	0	0	0	0	0	0	0	0	0	0	0	0	0	0	0	0	0	0	0	-1	0	0	0	0	0	0	0		
HYDRO_RIVER	1	0	0	0	0	0	0	0	0	0	0	0	0	0	0	0	0	0	0	0	0	0	-1	0	0	0	0	0		
GEOTHERMAL	1	0	0	0	0	0	0	0	0	0	0	0	0	0	0	0	0	0	0	0	0	0	0	-1	0	0	0	0		
IND_COGEN_GAS	0.9565	0	0	0	-2.1739	0	0	0	0	0	0	0	1	0	0	0	0	0	0	0	0	0	0	0	0	0	0.43478	0		
IND_COGEN_WOOD	0.3396	0	0	0	0	-1.8868	0	0	0	0	0	0	1	0	0	0	0	0	0	0	0	0	0	0	0	0	0.735852	0		
IND_COGEN_WASTE	0.4444	0	0	0	0	0	0	0	0	-2.219993247	0	0	1	0	0	0	0	0	0	0	0	0	0	0	0	0	0.577772	0		
IND_BOILER_GAS	0	0	0	0	-1.0785	0	0	0	0	0	0	0	1	0	0	0	0	0	0	0	0	0	0	0	0	0	0.2157	0		
IND_BOILER_WOOD	0	0	0	0	0	-1.1568	0	0	0	0	0	0	1	0	0	0	0	0	0	0	0	0	0	0	0	0	0.451152	0		
IND_BOILER_OIL	0	0	0	-1.1461	0	0	0	0	0	0	0	0	1	0	0	0	0	0	0	0	0	0	0	0	0	0	0.297986	0		
IND_BOILER_COAL	0	0	0	0	0	0	0	-1.2195	0	0	0	0	1	0	0	0	0	0	0	0	0	0	0	0	0	0	0.43902	0		
IND_BOILER_WASTE	0	0	0	0	0	0	0	0	0	-1.2195	0	0	1	0	0	0	0	0	0	0	0	0	0	0	0	0	0.31707	0		
IND_DIRECT_ELEC	-1	0	0	0	0	0	0	0	0	0	0	0	1	0	0	0	0	0	0	0	0	0	0	0	0	0	0	0		
DHN_HP_ELEC	-0.245253165	0	0	0	0	0	0	0	0	0	0	0	0	1	0	0	0	0	0	0	0	0	0	0	0	0	0	0		
DHN_COGEN_GAS	1.25	0	0	0	-2.5	0	0	0	0	0	0	0	0	1	0	0	0	0	0	0	0	0	0	0	0	0	0.5	0		
DHN_COGEN_WOOD	0.3396	0	0	0	0	-1.8868	0	0	0	0	0	0	0	1	0	0	0	0	0	0	0	0	0	0	0	0	0.735852	0		
DHN_COGEN_WASTE	0.4444	0	0	0	0	0	0	0	0	-2.219993247	0	0	0	1	0	0	0	0	0	0	0	0	0	0	0	0	0.577772	0		
DHN_COGEN_WET_BIOMASS	0.875	0	0	0	0	0	-2.497517378	0	0	0	0	0	0	1	0	0	0	0	0	0	0	0	0	0	0	0	0.975	0		
DHN_BOILER_GAS	0	0	0	0	-1.0785	0	0	0	0	0	0	0	0	1	0	0	0	0	0	0	0	0	0	0	0	0	0.2157	0		
DHN_BOILER_WOOD	0	0	0	0	0	-1.1568	0	0	0	0	0	0	0	1	0	0	0	0	0	0	0	0	0	0	0	0	0.451152	0		
DHN_BOILER_OIL	0	0	0	-1.1461	0	0	0	0	0	0	0	0	0	1	0	0	0	0	0	0	0	0	0	0	0	0	0.297986	0		
DHN_DEEP_GEO	0	0	0	0	0	0	0	0	0	0	0	0	0	1	0	0	0	0	0	0	0	0	0	-1	0	0	0	0		
DHN_SOLAR	0	0	0	0	0	0	0	0	0	0	0	0	0	1	0	0	0	0	0	0	0	-1	0	0	0	0	0	0		
DEC_HP_ELEC	-0.326971519	0	0	0	0	0	0	0	0	0	0	0	0	0	1	0	0	0	0	0	0	0	0	0	0	0	0	0		
DEC_THHP_GAS	0	0	0	0	-0.654041139	0	0	0	0	0	0	0	0	0	1	0	0	0	0	0	0	0	0	0	0	0	0	0		
DEC_COGEN_GAS	0.9565	0	0	0	-2.1739	0	0	0	0	0	0	0	0	0	1	0	0	0	0	0	0	0	0	0	0	0	0	0		
DEC_COGEN_OIL	0.907	0	0	-2.3256	0	0	0	0	0	0	0	0	0	0	1	0	0	0	0	0	0	0	0	0	0	0	0	0		
DEC_ADVCOGEN_GAS	2.6364	0	0	0	-4.5455	0	0	0	0	0	0	0	0	0	1	0	0	0	0	0	0	0	0	0	0	0	0	0		
DEC_ADVCOGEN_H2	2.6364	0	0	0	0	0	0	0	0	0	-4.5455	0	0	0	1	0	0	0	0	0	0	0	0	0	0	0	0	0		
DEC_BOILER_GAS	0	0	0	0	-1.1111	0	0	0	0	0	0	0	0	0	1	0	0	0	0	0	0	0	0	0	0	0	0	0		
DEC_BOILER_WOOD	0	0	0	0	0	-1.1765	0	0	0	0	0	0	0	0	1	0	0	0	0	0	0	0	0	0	0	0	0	0		
DEC_BOILER_OIL	0	0	0	-1.1765	0	0	0	0	0	0	0	0	0	0	1	0	0	0	0	0	0	0	0	0	0	0	0	0		
DEC_SOLAR	0	0	0	0	0	0	0	0	0	0	0	0	0	0	1	0	0	0	0	0	0	-1	0	0	0	0	0	0		
DEC_DIRECT_ELEC	-1	0	0	0	0	0	0	0	0	0	0	0	0	0	1	0	0	0	0	0	0	0	0	0	0	0	0	0		
TRAMWAY_TROLLEY	-0.159351225	0	0	0	0	0	0	0	0	0	0	0	0	0	0	1	0	0	0	0	0	0	0	0	0	0	0	0		
BUS_COACH_DIESEL	0	0	-0.257879909	0	0	0	0	0	0	0	0	0	0	0	0	1	0	0	0	0	0	0	0	0	0	0	0	0		
BUS_COACH_HYDIESEL	0	0	-0.175159752	0	0	0	0	0	0	0	0	0	0	0	0	1	0	0	0	0	0	0	0	0	0	0	0	0		
BUS_COACH_CNG_STOICH	0	0	0	0	-0.295681679	0	0	0	0	0	0	0	0	0	0	1	0	0	0	0	0	0	0	0	0	0	0	0		
BUS_COACH_FC_HYBRIDH2	0	0	0	0	0	0	0	0	0	0	-0.212773052	0	0	0	0	1	0	0	0	0	0	0	0	0	0	0	0	0		
TRAIN_PUB	-0.088399923	0	0	0	0	0	0	0	0	0	0	0	0	0	0	1	0	0	0	0	0	0	0	0	0	0	0	0		
CAR_GASOLINE	0	-0.414939313	0	0	0	0	0	0	0	0	0	0	0	0	0	0	1	0	0	0	0	0	0	0	0	0	0	0		
CAR_DIESEL	0	0	-0.375698489	0	0	0	0	0	0	0	0	0	0	0	0	0	1	0	0	0	0	0	0	0	0	0	0	0		
CAR_NG	0	0	0	0	-0.466022137	0	0	0	0	0	0	0	0	0	0	0	1	0	0	0	0	0	0	0	0	0	0	0		
CAR_HEV	0	-0.236772291	0	0	0	0	0	0	0	0	0	0	0	0	0	0	1	0	0	0	0	0	0	0	0	0	0	0		
CAR_PHEV	-0.043231895	-0.169084746	0	0	0	0	0	0	0	0	0	0	0	0	0	0	1	0	0	0	0	0	0	0	0	0	0	0		
CAR_BEV	-0.103149311	0	0	0	0	0	0	0	0	0	0	0	0	0	0	0	1	0	0	0	0	0	0	0	0	0	0	0		
CAR_FUEL_CELL	0	0	0	0	0	0	0	0	0	0	-0.169274881	0	0	0	0	0	1	0	0	0	0	0	0	0	0	0	0	0		
TRAIN_FREIGHT	-0.065842037	0	0	0	0	0	0	0	0	0	0	0	0	0	0	0	0	1	0	0	0	0	0	0	0	0	0	0		
BOAT_FREIGHT_DIESEL	0	0	-0.103929003	0	0	0	0	0	0	0	0	0	0	0	0	0	0	0	0	1	0	0	0	0	0	0	0	0		
BOAT_FREIGHT_NG	0	0	0	0	-0.118774809	0	0	0	0	0	0	0	0	0	0	0	0	0	0	1	0	0	0	0	0	0	0	0		
TRUCK_DIESEL	0	0	-0.497887915	0	0	0	0	0	0	0	0	0	0	0	0	0	0	0	1	0	0	0	0	0	0	0	0	0		
TRUCK_FUEL_CELL	0	0	0	0	0	0	0	0	0	0	-0.415166932	0	0	0	0	0	0	0	1	0	0	0	0	0	0	0	0	0		
TRUCK_NG	0	0	0	0	-0.569732824	0	0	0	0	0	0	0	0	0	0	0	0	0	1	0	0	0	0	0	0	0	0	0		
NON_ENERGY_OIL	0	0	0	-1	0	0	0	0	0	0	0	0	0	0	0	0	0	0	0	0	0	0	0	0	1	0	0	0		
NON_ENERGY_NG	0	0	0	0	-1	0	0	0	0	0	0	0	0	0	0	0	0	0	0	0	0	0	0	0	1	0	0	0		
EFFICIENCY	0	0	0	0	0	0	0	0	0	0	0	0	0	0	0	0	0	0	0	0	0	0	0	0	0	0	0	0		
DHN	0	0	0	0	0	0	0	0	0	0	0	0	0	0	0	0	0	0	0	0	0	0	0	0	0	0	0	0		
GRID	0	0	0	0	0	0	0	0	0	0	0	0	0	0	0	0	0	0	0	0	0	0	0	0	0	0	0	0		
INLAND_WATER_TRANSPORT	0	0	0	0	0	0	0	0	0	0	0	0	0	0	0	0	0	0	0	0	0	0	0	0	0	0	0	0		
ROADS	0	0	0	0	0	0	0	0	0	0	0	0	0	0	0	0	0	0	0	0	0	0	0	0	0	0	0	0		
RAILWAYS	0	0	0	0	0	0	0	0	0	0	0	0	0	0	0	0	0	0	0	0	0	0	0	0	0	0	0	0		
STATION_GAS_FUELS	0	0	0	0	0	0	0	0	0	0	0	0	0	0	0	0	0	0	0	0	0	0	0	0	0	0	0	0		
STATION_LIQUID_FUELS	0	0	0	0	0	0	0	0	0	0	0	0	0	0	0	0	0	0	0	0	0	0	0	0	0	0	0	0		
STATION_ELEC	0	0	0	0	0	0	0	0	0	0	0	0	0	0	0	0	0	0	0	0	0	0	0	0	0	0	0	0		
STATION_H2	0	0	0	0	0	0	0	0	0	0	0	0	0	0	0	0	0	0	0	0	0	0	0	0	0	0	0	0		
H2_ELECTROLYSIS	-1.1765	0	0	0	0	0	0	0	0	0	1	0	0	0	0	0	0	0	0	0	0	0	0	0	0	0	0	0		
H2_NG	0	0	0	0	-1.3646	0	0	0	0	0	1	0	0	0	0	0	0	0	0	0	0	0	0	0	0	0	0.27292	0		
H2_BIOMASS	0	0	0	0	0	-2.298933144	0	0	0	0	1	0	0	0	0	0	0	0	0	0	0	0	0	0	0	0	0.901719	0		
GASIFICATION_SNG	0.0426	0	0	0	1	-1.315836842	0	0	0	0	0	0	0	0.1217	0	0	0	0	0	0	0	0	0	0	0	0	0.263523	0		
PYROLYSIS	0.0238	0	0	0	0	-1.493148178	0	0	0	0	0	1	0	0	0	0	0	0	0	0	0	0	0	0	0	0	0.2928315	0		
ATM_CCS	-1.3	0	0	0	0	0	0	0	0	0	0	0	0	0	0	0	0	0	0	0	0	0	0	0	0	-1	0	1		
INDUSTRY_CCS	-0.233	0	0	0	0	0	0	0	0	0	0	0	0	0	0	0	0	0	0	0	0	0	0	0	0	0	-1	0.9		
SYN_METHANOLATION	-0.711818182	0	0	0	0	0	0	0	0	0	-0.737522727	1	0	0.261	0	0	0	0	0	0	0	0	0	0	0	0	0	-0.247		
SYN_METHANATION	-0.0213	0	0	0	1	0	0	0	0	0	-1.28	0	0	0.295	0	0	0	0	0	0	0	0	0	0	0	0	0	-0.198		
BIOMETHANATION	0	0	0	0	1	0	-1.070663812	0	0	0	0	0	0	0	0	0	0	0	0	0	0	0	0	0	0	0	0.208779443	0		
SLF_TO_DIESEL	0	0	1	0	0	0	0	0	0	0	0	-1	0	0	0	0	0	0	0	0	0	0	0	0	0	0	0	0		
SLF_TO_GASOLINE	0	1	0	0	0	0	0	0	0	0	0	-1	0	0	0	0	0	0	0	0	0	0	0	0	0	0	0	0		
SLF_TO_LFO	0	0	0	1	0	0	0	0	0	0	0	-1	0	0	0	0	0	0	0	0	0	0	0	0	0	0	0	0		
																														
["YEAR_2045",*,*]: 	ELECTRICITY	GASOLINE	DIESEL	LFO	NG	WOOD	WET_BIOMASS	COAL	URANIUM	WASTE	H2	SLF	HEAT_HIGH_T	HEAT_LOW_T_DHN	HEAT_LOW_T_DECEN	MOB_PUBLIC	MOB_PRIVATE	MOB_FREIGHT_RAIL	MOB_FREIGHT_ROAD	MOB_FREIGHT_BOAT	RES_WIND	RES_SOLAR	RES_HYDRO	RES_GEO 	NON_ENERGY	CO2_ATM 	CO2_INDUSTRY	CO2_CAPTURED	:=	
ELECTRICITY	1	0	0	0	0	0	0	0	0	0	0	0	0	0	0	0	0	0	0	0	0	0	0	0	0	0	0	0		
GASOLINE	0	1	0	0	0	0	0	0	0	0	0	0	0	0	0	0	0	0	0	0	0	0	0	0	0	0	0	0		
DIESEL	0	0	1	0	0	0	0	0	0	0	0	0	0	0	0	0	0	0	0	0	0	0	0	0	0	0	0	0		
BIOETHANOL	0	1	0	0	0	0	0	0	0	0	0	0	0	0	0	0	0	0	0	0	0	0	0	0	0	0	0	0		
BIODIESEL	0	0	1	0	0	0	0	0	0	0	0	0	0	0	0	0	0	0	0	0	0	0	0	0	0	0	0	0		
LFO	0	0	0	1	0	0	0	0	0	0	0	0	0	0	0	0	0	0	0	0	0	0	0	0	0	0	0	0		
NG	0	0	0	0	1	0	0	0	0	0	0	0	0	0	0	0	0	0	0	0	0	0	0	0	0	0	0	0		
SNG	0	0	0	0	1	0	0	0	0	0	0	0	0	0	0	0	0	0	0	0	0	0	0	0	0	0	0	0		
WOOD	0	0	0	0	0	1	0	0	0	0	0	0	0	0	0	0	0	0	0	0	0	0	0	0	0	0	0	0		
WET_BIOMASS	0	0	0	0	0	0	1	0	0	0	0	0	0	0	0	0	0	0	0	0	0	0	0	0	0	0	0	0		
COAL	0	0	0	0	0	0	0	1	0	0	0	0	0	0	0	0	0	0	0	0	0	0	0	0	0	0	0	0		
URANIUM	0	0	0	0	0	0	0	0	1	0	0	0	0	0	0	0	0	0	0	0	0	0	0	0	0	0	0	0		
WASTE	0	0	0	0	0	0	0	0	0	1	0	0	0	0	0	0	0	0	0	0	0	0	0	0	0	0	0	0		
H2	0	0	0	0	0	0	0	0	0	0	1	0	0	0	0	0	0	0	0	0	0	0	0	0	0	0	0	0		
SLF	0	0	0	0	0	0	0	0	0	0	0	1	0	0	0	0	0	0	0	0	0	0	0	0	0	0	0	0		
ELEC_EXPORT	-1	0	0	0	0	0	0	0	0	0	0	0	0	0	0	0	0	0	0	0	0	0	0	0	0	0	0	0		
CO2_EMISSIONS	0	0	0	0	0	0	0	0	0	0	0	0	0	0	0	0	0	0	0	0	0	0	0	0	0	0	-1	0		
RES_WIND 	0	0	0	0	0	0	0	0	0	0	0	0	0	0	0	0	0	0	0	0	1	0	0	0	0	0	0	0		
RES_SOLAR  	0	0	0	0	0	0	0	0	0	0	0	0	0	0	0	0	0	0	0	0	0	1	0	0	0	0	0	0		
RES_HYDRO 	0	0	0	0	0	0	0	0	0	0	0	0	0	0	0	0	0	0	0	0	0	0	1	0	0	0	0	0		
RES_GEO	0	0	0	0	0	0	0	0	0	0	0	0	0	0	0	0	0	0	0	0	0	0	0	1	0	0	0	0		
CO2_ATM 	0	0	0	0	0	0	0	0	0	0	0	0	0	0	0	0	0	0	0	0	0	0	0	0	0	1	0	0		
CO2_INDUSTRY	0	0	0	0	0	0	0	0	0	0	0	0	0	0	0	0	0	0	0	0	0	0	0	0	0	0	1	0		
CO2_CAPTURED	0	0	0	0	0	0	0	0	0	0	0	0	0	0	0	0	0	0	0	0	0	0	0	0	0	0	0	1		
NUCLEAR	1	0	0	0	0	0	0	0	-2.564231499	0	0	0	0	0	0	0	0	0	0	0	0	0	0	0	0	0	0	0		
CCGT	1	0	0	0	-1.5619032	0	0	0	0	0	0	0	0	0	0	0	0	0	0	0	0	0	0	0	0	0	0.31746	0		
COAL_US	1	0	0	0	0	0	0	-2.011988706	0	0	0	0	0	0	0	0	0	0	0	0	0	0	0	0	0	0	0.734688	0		
COAL_IGCC	1	0	0	0	0	0	0	-1.825755529	0	0	0	0	0	0	0	0	0	0	0	0	0	0	0	0	0	0	0.666684	0		
PV	1	0	0	0	0	0	0	0	0	0	0	0	0	0	0	0	0	0	0	0	0	-1	0	0	0	0	0	0		
WIND_ONSHORE	1	0	0	0	0	0	0	0	0	0	0	0	0	0	0	0	0	0	0	0	-1	0	0	0	0	0	0	0		
WIND_OFFSHORE	1	0	0	0	0	0	0	0	0	0	0	0	0	0	0	0	0	0	0	0	-1	0	0	0	0	0	0	0		
HYDRO_RIVER	1	0	0	0	0	0	0	0	0	0	0	0	0	0	0	0	0	0	0	0	0	0	-1	0	0	0	0	0		
GEOTHERMAL	1	0	0	0	0	0	0	0	0	0	0	0	0	0	0	0	0	0	0	0	0	0	0	-1	0	0	0	0		
IND_COGEN_GAS	0.9565	0	0	0	-2.1739	0	0	0	0	0	0	0	1	0	0	0	0	0	0	0	0	0	0	0	0	0	0.43478	0		
IND_COGEN_WOOD	0.3396	0	0	0	0	-1.8868	0	0	0	0	0	0	1	0	0	0	0	0	0	0	0	0	0	0	0	0	0.735852	0		
IND_COGEN_WASTE	0.4444	0	0	0	0	0	0	0	0	-2.217790873	0	0	1	0	0	0	0	0	0	0	0	0	0	0	0	0	0.577772	0		
IND_BOILER_GAS	0	0	0	0	-1.0785	0	0	0	0	0	0	0	1	0	0	0	0	0	0	0	0	0	0	0	0	0	0.2157	0		
IND_BOILER_WOOD	0	0	0	0	0	-1.1568	0	0	0	0	0	0	1	0	0	0	0	0	0	0	0	0	0	0	0	0	0.451152	0		
IND_BOILER_OIL	0	0	0	-1.1461	0	0	0	0	0	0	0	0	1	0	0	0	0	0	0	0	0	0	0	0	0	0	0.297986	0		
IND_BOILER_COAL	0	0	0	0	0	0	0	-1.2195	0	0	0	0	1	0	0	0	0	0	0	0	0	0	0	0	0	0	0.43902	0		
IND_BOILER_WASTE	0	0	0	0	0	0	0	0	0	-1.2195	0	0	1	0	0	0	0	0	0	0	0	0	0	0	0	0	0.31707	0		
IND_DIRECT_ELEC	-1	0	0	0	0	0	0	0	0	0	0	0	1	0	0	0	0	0	0	0	0	0	0	0	0	0	0	0		
DHN_HP_ELEC	-0.24068323	0	0	0	0	0	0	0	0	0	0	0	0	1	0	0	0	0	0	0	0	0	0	0	0	0	0	0		
DHN_COGEN_GAS	1.25	0	0	0	-2.5	0	0	0	0	0	0	0	0	1	0	0	0	0	0	0	0	0	0	0	0	0	0.5	0		
DHN_COGEN_WOOD	0.3396	0	0	0	0	-1.8868	0	0	0	0	0	0	0	1	0	0	0	0	0	0	0	0	0	0	0	0	0.735852	0		
DHN_COGEN_WASTE	0.4444	0	0	0	0	0	0	0	0	-2.217790873	0	0	0	1	0	0	0	0	0	0	0	0	0	0	0	0	0.577772	0		
DHN_COGEN_WET_BIOMASS	0.875	0	0	0	0	0	-2.495039683	0	0	0	0	0	0	1	0	0	0	0	0	0	0	0	0	0	0	0	0.975	0		
DHN_BOILER_GAS	0	0	0	0	-1.0785	0	0	0	0	0	0	0	0	1	0	0	0	0	0	0	0	0	0	0	0	0	0.2157	0		
DHN_BOILER_WOOD	0	0	0	0	0	-1.1568	0	0	0	0	0	0	0	1	0	0	0	0	0	0	0	0	0	0	0	0	0.451152	0		
DHN_BOILER_OIL	0	0	0	-1.1461	0	0	0	0	0	0	0	0	0	1	0	0	0	0	0	0	0	0	0	0	0	0	0.297986	0		
DHN_DEEP_GEO	0	0	0	0	0	0	0	0	0	0	0	0	0	1	0	0	0	0	0	0	0	0	0	-1	0	0	0	0		
DHN_SOLAR	0	0	0	0	0	0	0	0	0	0	0	0	0	1	0	0	0	0	0	0	0	-1	0	0	0	0	0	0		
DEC_HP_ELEC	-0.320878882	0	0	0	0	0	0	0	0	0	0	0	0	0	1	0	0	0	0	0	0	0	0	0	0	0	0	0		
DEC_THHP_GAS	0	0	0	0	-0.641854037	0	0	0	0	0	0	0	0	0	1	0	0	0	0	0	0	0	0	0	0	0	0	0		
DEC_COGEN_GAS	0.9565	0	0	0	-2.1739	0	0	0	0	0	0	0	0	0	1	0	0	0	0	0	0	0	0	0	0	0	0	0		
DEC_COGEN_OIL	0.907	0	0	-2.3256	0	0	0	0	0	0	0	0	0	0	1	0	0	0	0	0	0	0	0	0	0	0	0	0		
DEC_ADVCOGEN_GAS	2.6364	0	0	0	-4.5455	0	0	0	0	0	0	0	0	0	1	0	0	0	0	0	0	0	0	0	0	0	0	0		
DEC_ADVCOGEN_H2	2.6364	0	0	0	0	0	0	0	0	0	-4.5455	0	0	0	1	0	0	0	0	0	0	0	0	0	0	0	0	0		
DEC_BOILER_GAS	0	0	0	0	-1.1111	0	0	0	0	0	0	0	0	0	1	0	0	0	0	0	0	0	0	0	0	0	0	0		
DEC_BOILER_WOOD	0	0	0	0	0	-1.1765	0	0	0	0	0	0	0	0	1	0	0	0	0	0	0	0	0	0	0	0	0	0		
DEC_BOILER_OIL	0	0	0	-1.1765	0	0	0	0	0	0	0	0	0	0	1	0	0	0	0	0	0	0	0	0	0	0	0	0		
DEC_SOLAR	0	0	0	0	0	0	0	0	0	0	0	0	0	0	1	0	0	0	0	0	0	-1	0	0	0	0	0	0		
DEC_DIRECT_ELEC	-1	0	0	0	0	0	0	0	0	0	0	0	0	0	1	0	0	0	0	0	0	0	0	0	0	0	0	0		
TRAMWAY_TROLLEY	-0.153815743	0	0	0	0	0	0	0	0	0	0	0	0	0	0	1	0	0	0	0	0	0	0	0	0	0	0	0		
BUS_COACH_DIESEL	0	0	-0.250685022	0	0	0	0	0	0	0	0	0	0	0	0	1	0	0	0	0	0	0	0	0	0	0	0	0		
BUS_COACH_HYDIESEL	0	0	-0.168132541	0	0	0	0	0	0	0	0	0	0	0	0	1	0	0	0	0	0	0	0	0	0	0	0	0		
BUS_COACH_CNG_STOICH	0	0	0	0	-0.285861993	0	0	0	0	0	0	0	0	0	0	1	0	0	0	0	0	0	0	0	0	0	0	0		
BUS_COACH_FC_HYBRIDH2	0	0	0	0	0	0	0	0	0	0	-0.201405944	0	0	0	0	1	0	0	0	0	0	0	0	0	0	0	0	0		
TRAIN_PUB	-0.08532912	0	0	0	0	0	0	0	0	0	0	0	0	0	0	1	0	0	0	0	0	0	0	0	0	0	0	0		
CAR_GASOLINE	0	-0.401159041	0	0	0	0	0	0	0	0	0	0	0	0	0	0	1	0	0	0	0	0	0	0	0	0	0	0		
CAR_DIESEL	0	0	-0.365216446	0	0	0	0	0	0	0	0	0	0	0	0	0	1	0	0	0	0	0	0	0	0	0	0	0		
CAR_NG	0	0	0	0	-0.450545387	0	0	0	0	0	0	0	0	0	0	0	1	0	0	0	0	0	0	0	0	0	0	0		
CAR_HEV	0	-0.227273254	0	0	0	0	0	0	0	0	0	0	0	0	0	0	1	0	0	0	0	0	0	0	0	0	0	0		
CAR_PHEV	-0.04159748	-0.162692365	0	0	0	0	0	0	0	0	0	0	0	0	0	0	1	0	0	0	0	0	0	0	0	0	0	0		
CAR_BEV	-0.099566149	0	0	0	0	0	0	0	0	0	0	0	0	0	0	0	1	0	0	0	0	0	0	0	0	0	0	0		
CAR_FUEL_CELL	0	0	0	0	0	0	0	0	0	0	-0.160231603	0	0	0	0	0	1	0	0	0	0	0	0	0	0	0	0	0		
TRAIN_FREIGHT	-0.063554841	0	0	0	0	0	0	0	0	0	0	0	0	0	0	0	0	1	0	0	0	0	0	0	0	0	0	0		
BOAT_FREIGHT_DIESEL	0	0	-0.101029369	0	0	0	0	0	0	0	0	0	0	0	0	0	0	0	0	1	0	0	0	0	0	0	0	0		
BOAT_FREIGHT_NG	0	0	0	0	-0.114830258	0	0	0	0	0	0	0	0	0	0	0	0	0	0	1	0	0	0	0	0	0	0	0		
TRUCK_DIESEL	0	0	-0.483996769	0	0	0	0	0	0	0	0	0	0	0	0	0	0	0	1	0	0	0	0	0	0	0	0	0		
TRUCK_FUEL_CELL	0	0	0	0	0	0	0	0	0	0	-0.392987208	0	0	0	0	0	0	0	1	0	0	0	0	0	0	0	0	0		
TRUCK_NG	0	0	0	0	-0.550811808	0	0	0	0	0	0	0	0	0	0	0	0	0	1	0	0	0	0	0	0	0	0	0		
NON_ENERGY_OIL	0	0	0	-1	0	0	0	0	0	0	0	0	0	0	0	0	0	0	0	0	0	0	0	0	1	0	0	0		
NON_ENERGY_NG	0	0	0	0	-1	0	0	0	0	0	0	0	0	0	0	0	0	0	0	0	0	0	0	0	1	0	0	0		
EFFICIENCY	0	0	0	0	0	0	0	0	0	0	0	0	0	0	0	0	0	0	0	0	0	0	0	0	0	0	0	0		
DHN	0	0	0	0	0	0	0	0	0	0	0	0	0	0	0	0	0	0	0	0	0	0	0	0	0	0	0	0		
GRID	0	0	0	0	0	0	0	0	0	0	0	0	0	0	0	0	0	0	0	0	0	0	0	0	0	0	0	0		
INLAND_WATER_TRANSPORT	0	0	0	0	0	0	0	0	0	0	0	0	0	0	0	0	0	0	0	0	0	0	0	0	0	0	0	0		
ROADS	0	0	0	0	0	0	0	0	0	0	0	0	0	0	0	0	0	0	0	0	0	0	0	0	0	0	0	0		
RAILWAYS	0	0	0	0	0	0	0	0	0	0	0	0	0	0	0	0	0	0	0	0	0	0	0	0	0	0	0	0		
STATION_GAS_FUELS	0	0	0	0	0	0	0	0	0	0	0	0	0	0	0	0	0	0	0	0	0	0	0	0	0	0	0	0		
STATION_LIQUID_FUELS	0	0	0	0	0	0	0	0	0	0	0	0	0	0	0	0	0	0	0	0	0	0	0	0	0	0	0	0		
STATION_ELEC	0	0	0	0	0	0	0	0	0	0	0	0	0	0	0	0	0	0	0	0	0	0	0	0	0	0	0	0		
STATION_H2	0	0	0	0	0	0	0	0	0	0	0	0	0	0	0	0	0	0	0	0	0	0	0	0	0	0	0	0		
H2_ELECTROLYSIS	-1.1765	0	0	0	0	0	0	0	0	0	1	0	0	0	0	0	0	0	0	0	0	0	0	0	0	0	0	0		
H2_NG	0	0	0	0	-1.3646	0	0	0	0	0	1	0	0	0	0	0	0	0	0	0	0	0	0	0	0	0	0.27292	0		
H2_BIOMASS	0	0	0	0	0	-2.273044257	0	0	0	0	1	0	0	0	0	0	0	0	0	0	0	0	0	0	0	0	0.901719	0		
GASIFICATION_SNG	0.0426	0	0	0	1	-1.282097436	0	0	0	0	0	0	0	0.1217	0	0	0	0	0	0	0	0	0	0	0	0	0.263523	0		
PYROLYSIS	0.0238	0	0	0	0	-1.476333446	0	0	0	0	0	1	0	0	0	0	0	0	0	0	0	0	0	0	0	0	0.2928315	0		
ATM_CCS	-1.3	0	0	0	0	0	0	0	0	0	0	0	0	0	0	0	0	0	0	0	0	0	0	0	0	-1	0	1		
INDUSTRY_CCS	-0.233	0	0	0	0	0	0	0	0	0	0	0	0	0	0	0	0	0	0	0	0	0	0	0	0	0	-1	0.9		
SYN_METHANOLATION	-0.703820225	0	0	0	0	0	0	0	0	0	-0.729235955	1	0	0.261	0	0	0	0	0	0	0	0	0	0	0	0	0	-0.247		
SYN_METHANATION	-0.0213	0	0	0	1	0	0	0	0	0	-1.28	0	0	0.295	0	0	0	0	0	0	0	0	0	0	0	0	0	-0.198		
BIOMETHANATION	0	0	0	0	1	0	-1.070663812	0	0	0	0	0	0	0	0	0	0	0	0	0	0	0	0	0	0	0	0.208779443	0		
SLF_TO_DIESEL	0	0	1	0	0	0	0	0	0	0	0	-1	0	0	0	0	0	0	0	0	0	0	0	0	0	0	0	0		
SLF_TO_GASOLINE	0	1	0	0	0	0	0	0	0	0	0	-1	0	0	0	0	0	0	0	0	0	0	0	0	0	0	0	0		
SLF_TO_LFO	0	0	0	1	0	0	0	0	0	0	0	-1	0	0	0	0	0	0	0	0	0	0	0	0	0	0	0	0		
																														
["YEAR_2050",*,*]: 	ELECTRICITY	GASOLINE	DIESEL	LFO	NG	WOOD	WET_BIOMASS	COAL	URANIUM	WASTE	H2	SLF	HEAT_HIGH_T	HEAT_LOW_T_DHN	HEAT_LOW_T_DECEN	MOB_PUBLIC	MOB_PRIVATE	MOB_FREIGHT_RAIL	MOB_FREIGHT_ROAD	MOB_FREIGHT_BOAT	RES_WIND	RES_SOLAR	RES_HYDRO	RES_GEO 	NON_ENERGY	CO2_ATM 	CO2_INDUSTRY	CO2_CAPTURED	:=	
ELECTRICITY	1	0	0	0	0	0	0	0	0	0	0	0	0	0	0	0	0	0	0	0	0	0	0	0	0	0	0	0		
GASOLINE	0	1	0	0	0	0	0	0	0	0	0	0	0	0	0	0	0	0	0	0	0	0	0	0	0	0	0	0		
DIESEL	0	0	1	0	0	0	0	0	0	0	0	0	0	0	0	0	0	0	0	0	0	0	0	0	0	0	0	0		
BIOETHANOL	0	1	0	0	0	0	0	0	0	0	0	0	0	0	0	0	0	0	0	0	0	0	0	0	0	0	0	0		
BIODIESEL	0	0	1	0	0	0	0	0	0	0	0	0	0	0	0	0	0	0	0	0	0	0	0	0	0	0	0	0		
LFO	0	0	0	1	0	0	0	0	0	0	0	0	0	0	0	0	0	0	0	0	0	0	0	0	0	0	0	0		
NG	0	0	0	0	1	0	0	0	0	0	0	0	0	0	0	0	0	0	0	0	0	0	0	0	0	0	0	0		
SNG	0	0	0	0	1	0	0	0	0	0	0	0	0	0	0	0	0	0	0	0	0	0	0	0	0	0	0	0		
WOOD	0	0	0	0	0	1	0	0	0	0	0	0	0	0	0	0	0	0	0	0	0	0	0	0	0	0	0	0		
WET_BIOMASS	0	0	0	0	0	0	1	0	0	0	0	0	0	0	0	0	0	0	0	0	0	0	0	0	0	0	0	0		
COAL	0	0	0	0	0	0	0	1	0	0	0	0	0	0	0	0	0	0	0	0	0	0	0	0	0	0	0	0		
URANIUM	0	0	0	0	0	0	0	0	1	0	0	0	0	0	0	0	0	0	0	0	0	0	0	0	0	0	0	0		
WASTE	0	0	0	0	0	0	0	0	0	1	0	0	0	0	0	0	0	0	0	0	0	0	0	0	0	0	0	0		
H2	0	0	0	0	0	0	0	0	0	0	1	0	0	0	0	0	0	0	0	0	0	0	0	0	0	0	0	0		
SLF	0	0	0	0	0	0	0	0	0	0	0	1	0	0	0	0	0	0	0	0	0	0	0	0	0	0	0	0		
ELEC_EXPORT	-1	0	0	0	0	0	0	0	0	0	0	0	0	0	0	0	0	0	0	0	0	0	0	0	0	0	0	0		
CO2_EMISSIONS	0	0	0	0	0	0	0	0	0	0	0	0	0	0	0	0	0	0	0	0	0	0	0	0	0	0	-1	0		
RES_WIND 	0	0	0	0	0	0	0	0	0	0	0	0	0	0	0	0	0	0	0	0	1	0	0	0	0	0	0	0		
RES_SOLAR  	0	0	0	0	0	0	0	0	0	0	0	0	0	0	0	0	0	0	0	0	0	1	0	0	0	0	0	0		
RES_HYDRO 	0	0	0	0	0	0	0	0	0	0	0	0	0	0	0	0	0	0	0	0	0	0	1	0	0	0	0	0		
RES_GEO	0	0	0	0	0	0	0	0	0	0	0	0	0	0	0	0	0	0	0	0	0	0	0	1	0	0	0	0		
CO2_ATM 	0	0	0	0	0	0	0	0	0	0	0	0	0	0	0	0	0	0	0	0	0	0	0	0	0	1	0	0		
CO2_INDUSTRY	0	0	0	0	0	0	0	0	0	0	0	0	0	0	0	0	0	0	0	0	0	0	0	0	0	0	1	0		
CO2_CAPTURED	0	0	0	0	0	0	0	0	0	0	0	0	0	0	0	0	0	0	0	0	0	0	0	0	0	0	0	1		
NUCLEAR	1	0	0	0	0	0	0	0	-2.500185014	0	0	0	0	0	0	0	0	0	0	0	0	0	0	0	0	0	0	0		
CCGT	1	0	0	0	-1.549507143	0	0	0	0	0	0	0	0	0	0	0	0	0	0	0	0	0	0	0	0	0	0.31746	0		
COAL_US	1	0	0	0	0	0	0	-1.997885981	0	0	0	0	0	0	0	0	0	0	0	0	0	0	0	0	0	0	0.734688	0		
COAL_IGCC	1	0	0	0	0	0	0	-1.812958178	0	0	0	0	0	0	0	0	0	0	0	0	0	0	0	0	0	0	0.666684	0		
PV	1	0	0	0	0	0	0	0	0	0	0	0	0	0	0	0	0	0	0	0	0	-1	0	0	0	0	0	0		
WIND_ONSHORE	1	0	0	0	0	0	0	0	0	0	0	0	0	0	0	0	0	0	0	0	-1	0	0	0	0	0	0	0		
WIND_OFFSHORE	1	0	0	0	0	0	0	0	0	0	0	0	0	0	0	0	0	0	0	0	-1	0	0	0	0	0	0	0		
HYDRO_RIVER	1	0	0	0	0	0	0	0	0	0	0	0	0	0	0	0	0	0	0	0	0	0	-1	0	0	0	0	0		
GEOTHERMAL	1	0	0	0	0	0	0	0	0	0	0	0	0	0	0	0	0	0	0	0	0	0	0	-1	0	0	0	0		
IND_COGEN_GAS	0.9565	0	0	0	-2.1739	0	0	0	0	0	0	0	1	0	0	0	0	0	0	0	0	0	0	0	0	0	0.43478	0		
IND_COGEN_WOOD	0.3396	0	0	0	0	-1.8868	0	0	0	0	0	0	1	0	0	0	0	0	0	0	0	0	0	0	0	0	0.735852	0		
IND_COGEN_WASTE	0.4444	0	0	0	0	0	0	0	0	-2.215592864	0	0	1	0	0	0	0	0	0	0	0	0	0	0	0	0	0.577772	0		
IND_BOILER_GAS	0	0	0	0	-1.0785	0	0	0	0	0	0	0	1	0	0	0	0	0	0	0	0	0	0	0	0	0	0.2157	0		
IND_BOILER_WOOD	0	0	0	0	0	-1.1568	0	0	0	0	0	0	1	0	0	0	0	0	0	0	0	0	0	0	0	0	0.451152	0		
IND_BOILER_OIL	0	0	0	-1.1461	0	0	0	0	0	0	0	0	1	0	0	0	0	0	0	0	0	0	0	0	0	0	0.297986	0		
IND_BOILER_COAL	0	0	0	0	0	0	0	-1.2195	0	0	0	0	1	0	0	0	0	0	0	0	0	0	0	0	0	0	0.43902	0		
IND_BOILER_WASTE	0	0	0	0	0	0	0	0	0	-1.2195	0	0	1	0	0	0	0	0	0	0	0	0	0	0	0	0	0.31707	0		
IND_DIRECT_ELEC	-1	0	0	0	0	0	0	0	0	0	0	0	1	0	0	0	0	0	0	0	0	0	0	0	0	0	0	0		
DHN_HP_ELEC	-0.236280488	0	0	0	0	0	0	0	0	0	0	0	0	1	0	0	0	0	0	0	0	0	0	0	0	0	0	0		
DHN_COGEN_GAS	1.25	0	0	0	-2.5	0	0	0	0	0	0	0	0	1	0	0	0	0	0	0	0	0	0	0	0	0	0.5	0		
DHN_COGEN_WOOD	0.3396	0	0	0	0	-1.8868	0	0	0	0	0	0	0	1	0	0	0	0	0	0	0	0	0	0	0	0	0.735852	0		
DHN_COGEN_WASTE	0.4444	0	0	0	0	0	0	0	0	-2.215592864	0	0	0	1	0	0	0	0	0	0	0	0	0	0	0	0	0.577772	0		
DHN_COGEN_WET_BIOMASS	0.875	0	0	0	0	0	-2.492566898	0	0	0	0	0	0	1	0	0	0	0	0	0	0	0	0	0	0	0	0.975	0		
DHN_BOILER_GAS	0	0	0	0	-1.0785	0	0	0	0	0	0	0	0	1	0	0	0	0	0	0	0	0	0	0	0	0	0.2157	0		
DHN_BOILER_WOOD	0	0	0	0	0	-1.1568	0	0	0	0	0	0	0	1	0	0	0	0	0	0	0	0	0	0	0	0	0.451152	0		
DHN_BOILER_OIL	0	0	0	-1.1461	0	0	0	0	0	0	0	0	0	1	0	0	0	0	0	0	0	0	0	0	0	0	0.297986	0		
DHN_DEEP_GEO	0	0	0	0	0	0	0	0	0	0	0	0	0	1	0	0	0	0	0	0	0	0	0	-1	0	0	0	0		
DHN_SOLAR	0	0	0	0	0	0	0	0	0	0	0	0	0	1	0	0	0	0	0	0	0	-1	0	0	0	0	0	0		
DEC_HP_ELEC	-0.315009146	0	0	0	0	0	0	0	0	0	0	0	0	0	1	0	0	0	0	0	0	0	0	0	0	0	0	0		
DEC_THHP_GAS	0	0	0	0	-0.630112805	0	0	0	0	0	0	0	0	0	1	0	0	0	0	0	0	0	0	0	0	0	0	0		
DEC_COGEN_GAS	0.9565	0	0	0	-2.1739	0	0	0	0	0	0	0	0	0	1	0	0	0	0	0	0	0	0	0	0	0	0	0		
DEC_COGEN_OIL	0.907	0	0	-2.3256	0	0	0	0	0	0	0	0	0	0	1	0	0	0	0	0	0	0	0	0	0	0	0	0		
DEC_ADVCOGEN_GAS	2.6364	0	0	0	-4.5455	0	0	0	0	0	0	0	0	0	1	0	0	0	0	0	0	0	0	0	0	0	0	0		
DEC_ADVCOGEN_H2	2.6364	0	0	0	0	0	0	0	0	0	-4.5455	0	0	0	1	0	0	0	0	0	0	0	0	0	0	0	0	0		
DEC_BOILER_GAS	0	0	0	0	-1.1111	0	0	0	0	0	0	0	0	0	1	0	0	0	0	0	0	0	0	0	0	0	0	0		
DEC_BOILER_WOOD	0	0	0	0	0	-1.1765	0	0	0	0	0	0	0	0	1	0	0	0	0	0	0	0	0	0	0	0	0	0		
DEC_BOILER_OIL	0	0	0	-1.1765	0	0	0	0	0	0	0	0	0	0	1	0	0	0	0	0	0	0	0	0	0	0	0	0		
DEC_SOLAR	0	0	0	0	0	0	0	0	0	0	0	0	0	0	1	0	0	0	0	0	0	-1	0	0	0	0	0	0		
DEC_DIRECT_ELEC	-1	0	0	0	0	0	0	0	0	0	0	0	0	0	1	0	0	0	0	0	0	0	0	0	0	0	0	0		
TRAMWAY_TROLLEY	-0.148651929	0	0	0	0	0	0	0	0	0	0	0	0	0	0	1	0	0	0	0	0	0	0	0	0	0	0	0		
BUS_COACH_DIESEL	0	0	-0.243880714	0	0	0	0	0	0	0	0	0	0	0	0	1	0	0	0	0	0	0	0	0	0	0	0	0		
BUS_COACH_HYDIESEL	0	0	-0.161647429	0	0	0	0	0	0	0	0	0	0	0	0	1	0	0	0	0	0	0	0	0	0	0	0	0		
BUS_COACH_CNG_STOICH	0	0	0	0	-0.276673571	0	0	0	0	0	0	0	0	0	0	1	0	0	0	0	0	0	0	0	0	0	0	0		
BUS_COACH_FC_HYBRIDH2	0	0	0	0	0	0	0	0	0	0	-0.191191786	0	0	0	0	1	0	0	0	0	0	0	0	0	0	0	0	0		
TRAIN_PUB	-0.0824645	0	0	0	0	0	0	0	0	0	0	0	0	0	0	1	0	0	0	0	0	0	0	0	0	0	0	0		
CAR_GASOLINE	0	-0.388264643	0	0	0	0	0	0	0	0	0	0	0	0	0	0	1	0	0	0	0	0	0	0	0	0	0	0		
CAR_DIESEL	0	0	-0.355303429	0	0	0	0	0	0	0	0	0	0	0	0	0	1	0	0	0	0	0	0	0	0	0	0	0		
CAR_NG	0	0	0	0	-0.436063571	0	0	0	0	0	0	0	0	0	0	0	1	0	0	0	0	0	0	0	0	0	0	0		
CAR_HEV	0	-0.218507	0	0	0	0	0	0	0	0	0	0	0	0	0	0	1	0	0	0	0	0	0	0	0	0	0	0		
CAR_PHEV	-0.040082143	-0.156765714	0	0	0	0	0	0	0	0	0	0	0	0	0	0	1	0	0	0	0	0	0	0	0	0	0	0		
CAR_BEV	-0.096223571	0	0	0	0	0	0	0	0	0	0	0	0	0	0	0	1	0	0	0	0	0	0	0	0	0	0	0		
CAR_FUEL_CELL	0	0	0	0	0	0	0	0	0	0	-0.152105571	0	0	0	0	0	1	0	0	0	0	0	0	0	0	0	0	0		
TRAIN_FREIGHT	-0.061421214	0	0	0	0	0	0	0	0	0	0	0	0	0	0	0	0	1	0	0	0	0	0	0	0	0	0	0		
BOAT_FREIGHT_DIESEL	0	0	-0.098287143	0	0	0	0	0	0	0	0	0	0	0	0	0	0	0	0	1	0	0	0	0	0	0	0	0		
BOAT_FREIGHT_NG	0	0	0	0	-0.111139286	0	0	0	0	0	0	0	0	0	0	0	0	0	0	1	0	0	0	0	0	0	0	0		
TRUCK_DIESEL	0	0	-0.470859714	0	0	0	0	0	0	0	0	0	0	0	0	0	0	0	1	0	0	0	0	0	0	0	0	0		
TRUCK_FUEL_CELL	0	0	0	0	0	0	0	0	0	0	-0.373057143	0	0	0	0	0	0	0	1	0	0	0	0	0	0	0	0	0		
TRUCK_NG	0	0	0	0	-0.533107143	0	0	0	0	0	0	0	0	0	0	0	0	0	1	0	0	0	0	0	0	0	0	0		
NON_ENERGY_OIL	0	0	0	-1	0	0	0	0	0	0	0	0	0	0	0	0	0	0	0	0	0	0	0	0	1	0	0	0		
NON_ENERGY_NG	0	0	0	0	-1	0	0	0	0	0	0	0	0	0	0	0	0	0	0	0	0	0	0	0	1	0	0	0		
EFFICIENCY	0	0	0	0	0	0	0	0	0	0	0	0	0	0	0	0	0	0	0	0	0	0	0	0	0	0	0	0		
DHN	0	0	0	0	0	0	0	0	0	0	0	0	0	0	0	0	0	0	0	0	0	0	0	0	0	0	0	0		
GRID	0	0	0	0	0	0	0	0	0	0	0	0	0	0	0	0	0	0	0	0	0	0	0	0	0	0	0	0		
INLAND_WATER_TRANSPORT	0	0	0	0	0	0	0	0	0	0	0	0	0	0	0	0	0	0	0	0	0	0	0	0	0	0	0	0		
ROADS	0	0	0	0	0	0	0	0	0	0	0	0	0	0	0	0	0	0	0	0	0	0	0	0	0	0	0	0		
RAILWAYS	0	0	0	0	0	0	0	0	0	0	0	0	0	0	0	0	0	0	0	0	0	0	0	0	0	0	0	0		
STATION_GAS_FUELS	0	0	0	0	0	0	0	0	0	0	0	0	0	0	0	0	0	0	0	0	0	0	0	0	0	0	0	0		
STATION_LIQUID_FUELS	0	0	0	0	0	0	0	0	0	0	0	0	0	0	0	0	0	0	0	0	0	0	0	0	0	0	0	0		
STATION_ELEC	0	0	0	0	0	0	0	0	0	0	0	0	0	0	0	0	0	0	0	0	0	0	0	0	0	0	0	0		
STATION_H2	0	0	0	0	0	0	0	0	0	0	0	0	0	0	0	0	0	0	0	0	0	0	0	0	0	0	0	0		
H2_ELECTROLYSIS	-1.1765	0	0	0	0	0	0	0	0	0	1	0	0	0	0	0	0	0	0	0	0	0	0	0	0	0	0	0		
H2_NG	0	0	0	0	-1.3646	0	0	0	0	0	1	0	0	0	0	0	0	0	0	0	0	0	0	0	0	0	0.27292	0		
H2_BIOMASS	0	0	0	0	0	-2.24773196	0	0	0	0	1	0	0	0	0	0	0	0	0	0	0	0	0	0	0	0	0.901719	0		
GASIFICATION_SNG	0.0426	0	0	0	1	-1.250045	0	0	0	0	0	0	0	0.1217	0	0	0	0	0	0	0	0	0	0	0	0	0.263523	0		
PYROLYSIS	0.0238	0	0	0	0	-1.459893207	0	0	0	0	0	1	0	0	0	0	0	0	0	0	0	0	0	0	0	0	0.2928315	0		
ATM_CCS	-1.3	0	0	0	0	0	0	0	0	0	0	0	0	0	0	0	0	0	0	0	0	0	0	0	0	-1	0	1		
INDUSTRY_CCS	-0.233	0	0	0	0	0	0	0	0	0	0	0	0	0	0	0	0	0	0	0	0	0	0	0	0	0	-1	0.9		
SYN_METHANOLATION	-0.696	0	0	0	0	0	0	0	0	0	-0.721133333	1	0	0.261	0	0	0	0	0	0	0	0	0	0	0	0	0	-0.247		
SYN_METHANATION	-0.0213	0	0	0	1	0	0	0	0	0	-1.28	0	0	0.295	0	0	0	0	0	0	0	0	0	0	0	0	0	-0.198		
BIOMETHANATION	0	0	0	0	1	0	-1.070663812	0	0	0	0	0	0	0	0	0	0	0	0	0	0	0	0	0	0	0	0.208779443	0		
SLF_TO_DIESEL	0	0	1	0	0	0	0	0	0	0	0	-1	0	0	0	0	0	0	0	0	0	0	0	0	0	0	0	0		
SLF_TO_GASOLINE	0	1	0	0	0	0	0	0	0	0	0	-1	0	0	0	0	0	0	0	0	0	0	0	0	0	0	0	0		
SLF_TO_LFO	0	0	0	1	0	0	0	0	0	0	0	-1	0	0	0	0	0	0	0	0	0	0	0	0	0	0	0	0		
;																														
																														
																														
