TECHNOLOGIES	 c_inv	 c_maint	 lifetime	  f_min	 f	 f_max	 fmin_perc	f_perc	 fmax_perc	 c_p	 c_p_max	 tau	 gwp_constr
 UNITS	[MCHCapitalf/GW]	 [MCHCapitalf/GW]	 [y]	 [GW or GWh]	 [GW or GWh]	 [GW or GWh]	 [0-1]	 [0-1]	 [0-1]	 [0-1]	 [0-1]	 [-]	 [ktCO2-eq./GW or GWh] 
NUCLEAR	0.000000	0.000000	60.000000	0.000000	0.000000	0.000000	0.000000	0.000000	1.000000	0.000000	0.849000	0.025393	0.000000	
CCGT	0.000000	0.000000	25.000000	0.000000	0.000000	20.000000	0.000000	0.000000	1.000000	0.000000	0.850000	0.048263	0.000000	
COAL_US	0.000000	0.000000	35.000000	0.000000	0.000000	10.000000	0.000000	0.000000	1.000000	0.000000	0.868000	0.036934	0.000000	
COAL_IGCC	0.000000	0.000000	35.000000	0.000000	0.000000	10.000000	0.000000	0.000000	1.000000	0.000000	0.856000	0.036934	0.000000	
PV	645532.213379	5422.470592	25.000000	3.846000	645.532213	1000.000000	0.000000	0.982873	1.000000	0.052131	1.000000	0.048263	1343630.114894	
WIND_ONSHORE	10400.000000	126.000000	20.000000	0.000000	10.000000	10.000000	0.000000	0.012690	1.000000	0.043211	1.000000	0.058246	6228.500000	
WIND_OFFSHORE	5810.000000	119.875000	20.000000	0.000000	3.500000	3.500000	0.000000	0.004315	1.000000	0.042026	1.000000	0.058246	2179.975000	
HYDRO_RIVER	832.411789	8.323392	40.000000	0.000000	0.165000	0.165000	0.000000	0.000122	1.000000	0.025298	1.000000	0.033427	208.365300	
GEOTHERMAL	0.000000	0.000000	30.000000	0.000000	0.000000	0.000000	0.000000	0.000000	1.000000	0.000000	0.860000	0.041639	0.000000	
IND_COGEN_GAS	4864.570230	319.960892	25.000000	0.000000	3.454866	100.000000	0.000000	0.077220	1.000000	0.169863	0.850000	0.048263	3538.888230	
IND_COGEN_WOOD	0.000000	0.000000	25.000000	0.000000	0.000000	100.000000	0.000000	0.000000	1.000000	0.000000	0.850000	0.048263	0.000000	
IND_COGEN_WASTE	0.000000	0.000000	25.000000	0.000000	0.000000	100.000000	0.000000	0.000000	1.000000	0.000000	0.850000	0.048263	0.000000	
IND_BOILER_GAS	147.046770	2.946079	17.000000	0.000000	2.496919	100.000000	0.000000	0.033750	1.000000	0.099985	0.950000	0.067080	30.762044	
IND_BOILER_WOOD	212.288489	4.245770	17.000000	0.000000	1.843113	100.000000	0.000000	0.164782	1.000000	0.671233	0.900000	0.067080	53.210667	
IND_BOILER_OIL	0.000000	0.000000	17.000000	0.000000	0.000000	100.000000	0.000000	0.000000	1.000000	0.000000	0.950000	0.067080	0.000000	
IND_BOILER_COAL	224.822775	4.496455	17.000000	0.000000	1.951937	100.000000	0.000000	0.069434	1.000000	0.267775	0.900000	0.067080	94.044321	
IND_BOILER_WASTE	430.810576	8.616212	17.000000	0.000000	3.740346	100.000000	0.000000	0.121946	1.000000	0.245261	0.900000	0.067080	107.983802	
IND_DIRECT_ELEC	2478.208524	11.242049	15.000000	0.000000	7.456761	100.000000	0.000000	0.532867	1.000000	0.528789	0.950000	0.074944	10.961438	
DHN_HP_ELEC	1615.919638	56.223838	25.000000	0.000000	4.687075	100.000000	0.000000	0.781310	1.000000	0.742765	0.950000	0.048263	819.253924	
DHN_COGEN_GAS	0.000000	0.000000	25.000000	0.000000	0.000000	100.000000	0.000000	0.000000	1.000000	0.000000	0.850000	0.048263	0.000000	
DHN_COGEN_WOOD	0.000000	0.000000	25.000000	0.000000	0.000000	100.000000	0.000000	0.000000	1.000000	0.000000	0.850000	0.048263	0.000000	
DHN_COGEN_WET_BIOMASS	3024.869159	188.074766	25.000000	0.000000	0.870717	100.000000	0.000000	0.113743	1.000000	0.586301	0.800000	0.048263	891.613707	
DHN_COGEN_WASTE	0.000000	0.000000	25.000000	0.000000	0.000000	100.000000	0.000000	0.000000	1.000000	0.000000	0.850000	0.048263	0.000000	
DHN_BOILER_GAS	19.375232	0.388182	17.000000	0.000000	0.329000	100.000000	0.000000	0.000000	1.000000	0.000000	0.950000	0.067080	4.053280	
DHN_BOILER_WOOD	92.533434	1.850669	17.000000	0.000000	0.803386	100.000000	0.000000	0.104947	1.000000	0.586301	0.900000	0.067080	23.193748	
DHN_BOILER_OIL	716.690978	15.415340	17.000000	0.000000	13.065113	100.000000	0.000000	0.000000	1.000000	0.000000	0.950000	0.067080	160.962187	
DHN_DEEP_GEO	13.500000	0.252000	30.000000	0.000000	0.009000	100.000000	0.000000	0.000000	1.000000	0.000000	0.850000	0.041639	7.278840	
DHN_SOLAR	0.000000	0.000000	30.000000	0.000000	0.000000	100.000000	0.000000	0.000000	1.000000	0.000000	1.000000	0.041639	0.000000	
DEC_HP_ELEC	15410.713113	659.306938	18.000000	0.000000	31.320012	100.000000	0.000000	0.779886	1.000000	0.236782	1.000000	0.063806	5164.356851	
DEC_THHP_GAS	0.000000	0.000000	20.000000	0.000000	0.000000	100.000000	0.000000	0.000000	0.000000	0.000000	1.000000	0.058246	0.000000	
DEC_COGEN_GAS	0.000000	0.000000	20.000000	0.000000	0.000000	100.000000	0.000000	0.000000	1.000000	0.000000	1.000000	0.058246	0.000000	
DEC_COGEN_OIL	0.000000	0.000000	20.000000	0.000000	0.000000	100.000000	0.000000	0.000000	1.000000	0.000000	1.000000	0.058246	0.000000	
DEC_ADVCOGEN_GAS	0.000000	0.000000	20.000000	0.000000	0.000000	100.000000	0.000000	0.000000	1.000000	0.000000	1.000000	0.058246	0.000000	
DEC_ADVCOGEN_H2	0.000000	0.000000	20.000000	0.000000	0.000000	100.000000	0.000000	0.000000	1.000000	0.000000	1.000000	0.058246	0.000000	
DEC_BOILER_GAS	0.000000	0.000000	17.000000	0.000000	0.000000	100.000000	0.000000	0.000000	1.000000	0.000000	1.000000	0.067080	0.000000	
DEC_BOILER_WOOD	0.000000	0.000000	17.000000	0.000000	0.000000	100.000000	0.000000	0.000000	1.000000	0.000000	1.000000	0.067080	0.000000	
DEC_BOILER_OIL	0.000000	0.000000	17.000000	0.000000	0.000000	100.000000	0.000000	0.000000	1.000000	0.000000	1.000000	0.067080	0.000000	
DEC_SOLAR	27793.483128	312.717404	20.000000	0.000000	38.651726	100.000000	0.000000	0.220114	1.000000	0.054593	1.000000	0.058246	8550.534895	
DEC_DIRECT_ELEC	0.000000	0.000000	15.000000	0.000000	0.000000	100.000000	0.000000	0.000000	1.000000	0.000000	1.000000	0.074944	0.000000	
TRAMWAY_TROLLEY	0.000000	0.000000	10.000000	0.000000	16.700000	16.700000	0.000000	0.300000	0.300000	0.097834	1.000000	0.108434	0.000000	
BUS_COACH_DIESEL	0.000000	0.000000	10.000000	0.000000	16.700000	16.700000	0.000000	0.000000	0.300000	0.000000	1.000000	0.108434	0.000000	
BUS_COACH_HYDIESEL	0.000000	0.000000	10.000000	0.000000	16.700000	16.700000	0.000000	0.000000	0.300000	0.000000	1.000000	0.108434	0.000000	
BUS_COACH_CNG_STOICH	0.000000	0.000000	10.000000	0.000000	16.700000	16.700000	0.000000	0.000000	0.300000	0.000000	1.000000	0.108434	0.000000	
BUS_COACH_FC_HYBRIDH2	0.000000	0.000000	10.000000	0.000000	16.700000	16.700000	0.000000	0.100000	0.200000	0.032611	1.000000	0.108434	0.000000	
TRAIN_PUB	0.000000	0.000000	10.000000	0.000000	16.700000	16.700000	0.000000	0.600000	0.600000	0.195669	1.000000	0.108434	0.000000	
CAR_GASOLINE	0.000000	0.000000	10.000000	0.000000	16.700000	16.700000	0.000000	0.000000	1.000000	0.000000	1.000000	0.108434	0.000000	
CAR_DIESEL	0.000000	0.000000	10.000000	0.000000	16.700000	16.700000	0.000000	0.000000	1.000000	0.000000	1.000000	0.108434	0.000000	
CAR_NG	0.000000	0.000000	10.000000	0.000000	16.700000	16.700000	0.000000	0.000000	1.000000	0.000000	1.000000	0.108434	0.000000	
CAR_HEV	0.000000	0.000000	10.000000	0.000000	16.700000	16.700000	0.000000	0.000000	1.000000	0.000000	1.000000	0.108434	0.000000	
CAR_PHEV	0.000000	0.000000	10.000000	0.000000	16.700000	16.700000	0.000000	0.000000	1.000000	0.000000	1.000000	0.108434	0.000000	
CAR_BEV	0.000000	0.000000	10.000000	0.000000	16.700000	16.700000	0.000000	1.000000	1.000000	1.000000	1.000000	0.108434	0.000000	
CAR_FUEL_CELL	0.000000	0.000000	10.000000	0.000000	16.700000	16.700000	0.000000	0.000000	1.000000	0.000000	1.000000	0.108434	0.000000	
TRAIN_FREIGHT	0.000000	0.000000	10.000000	0.920000	10.000000	10.000000	0.000000	1.000000	1.000000	0.279680	1.000000	0.108434	0.000000	
BOAT_FREIGHT_DIESEL	0.000000	0.000000	10.000000	0.920000	10.000000	10.000000	0.000000	0.000000	1.000000	0.000000	1.000000	0.108434	0.000000	
BOAT_FREIGHT_NG	0.000000	0.000000	10.000000	0.920000	10.000000	10.000000	0.000000	1.000000	1.000000	0.335616	1.000000	0.108434	0.000000	
TRUCK_DIESEL	0.000000	0.000000	10.000000	0.920000	10.000000	10.000000	0.000000	0.000000	1.000000	0.000000	1.000000	0.108434	0.000000	
TRUCK_FUEL_CELL	0.000000	0.000000	10.000000	0.000000	10.000000	10.000000	0.000000	1.000000	1.000000	0.503425	1.000000	0.108434	0.000000	
TRUCK_NG	0.000000	0.000000	10.000000	0.000000	10.000000	10.000000	0.000000	0.000000	1.000000	0.000000	1.000000	0.108434	0.000000	
NON_ENERGY_OIL	0.000000	0.000000	10.000000	0.000000	100.000000	100.000000	0.000000	0.000000	1.000000	0.000000	1.000000	0.108434	0.000000	
NON_ENERGY_NG	0.000000	0.000000	10.000000	0.000000	100.000000	100.000000	0.000000	1.000000	1.000000	0.116818	1.000000	0.108434	0.000000	
TS_DHN_SEASONAL	14281.019067	79.338995	25.000000	0.000000	26446.331605	100000.000000	0.000000	-1.000000	1.000000	0.000000	1.000000	0.048263	
SEASONAL_NG	0.000000	0.000000	50.000000	0.000000	0.000000	100000.000000	0.000000	-1.000000	1.000000	0.000000	1.000000	0.028572	
SEASONAL_H2	26840.603145	1189.526730	20.000000	0.000000	3050.068539	100000.000000	0.000000	-1.000000	1.000000	0.000000	1.000000	0.058246	
CO2_STORAGE	70025.901423	700.259014	30.000000	0.000000	1414.664675	100000.000000	0.000000	-1.000000	1.000000	0.000000	1.000000	0.041639	
EFFICIENCY	1712.305861	0.000000	10.000000	0.000000	0.985222	100.000000	0.000000	-1.000000	1.000000	0.000000	1.000000	0.108434	
DHN	16322.983015	0.000000	60.000000	0.000000	19.764290	100.000000	0.000000	-1.000000	1.000000	0.000000	1.000000	0.025393	
GRID	67294.028752	0.000000	80.000000	0.000000	1.176159	100.000000	0.000000	-1.000000	1.000000	0.000000	1.000000	0.021548	
H2_ELECTROLYSIS	5299.100471	529.958445	15.000000	0.000000	17.228086	1000.000000	0.000000	-1.000000	1.000000	0.647692	0.900000	0.074944	
H2_NG	0.000000	0.000000	25.000000	0.000000	0.000000	100.000000	0.000000	-1.000000	1.000000	0.000000	0.860000	0.048263	
H2_BIOMASS	0.000000	0.000000	25.000000	0.000000	0.000000	100.000000	0.000000	-1.000000	1.000000	0.000000	0.860000	0.048263	
GASIFICATION_SNG	0.000000	0.000000	25.000000	0.000000	0.000000	100.000000	0.000000	-1.000000	1.000000	0.000000	0.850000	0.048263	
PYROLYSIS	0.000000	0.000000	25.000000	0.000000	0.000000	100.000000	0.000000	-1.000000	1.000000	0.000000	0.850000	0.048263	
ATM_CCS	0.000000	0.000000	40.000000	0.000000	0.000000	100000.000000	0.000000	-1.000000	1.000000	0.000000	1.000000	0.033427	
INDUSTRY_CCS	5960.229913	149.698798	40.000000	0.000000	2.310167	100000.000000	0.000000	-1.000000	1.000000	0.726048	1.000000	0.033427	
SYN_METHANATION	22451.856767	887.133747	40.000000	0.000000	11.891873	100000.000000	0.000000	-1.000000	1.000000	0.641115	1.000000	0.033427	
BIOMETHANATION	0.000000	0.000000	20.000000	0.000000	0.000000	100.000000	0.000000	-1.000000	1.000000	0.000000	0.850000	0.058246	