TECHNOLOGIES	 c_inv	 c_maint	 lifetime	  f_min	 f	 f_max	 fmin_perc	f_perc	 fmax_perc	 c_p	 c_p_max	 tau	 gwp_constr
 UNITS	[MCHCapitalf/GW]	 [MCHCapitalf/GW]	 [y]	 [GW or GWh]	 [GW or GWh]	 [GW or GWh]	 [0-1]	 [0-1]	 [0-1]	 [0-1]	 [0-1]	 [-]	 [ktCO2-eq./GW or GWh] 
NUCLEAR	0.000000	0.000000	60.000000	0.000000	0.000000	0.000000	0.000000	0.000000	1.000000	0.000000	0.849000	0.025393	0.000000	
CCGT	3030.067656	77.441474	25.000000	0.000000	3.925000	20.000000	0.000000	0.001243	1.000000	0.007227	0.850000	0.048263	721.375750	
COAL_US	0.000000	0.000000	35.000000	0.000000	0.000000	10.000000	0.000000	0.000000	1.000000	0.000000	0.868000	0.036934	0.000000	
COAL_IGCC	0.000000	0.000000	35.000000	0.000000	0.000000	10.000000	0.000000	0.000000	1.000000	0.000000	0.856000	0.036934	0.000000	
PV	257899.967002	2166.359723	25.000000	3.846000	257.899967	1000.000000	0.000000	0.950949	1.000000	0.082748	1.000000	0.048263	536800.728318	
WIND_ONSHORE	10400.000000	126.000000	20.000000	0.000000	10.000000	10.000000	0.000000	0.035096	1.000000	0.078694	1.000000	0.058246	6228.500000	
WIND_OFFSHORE	5810.000000	119.875000	20.000000	0.000000	3.500000	3.500000	0.000000	0.012175	1.000000	0.078068	1.000000	0.058246	2179.975000	
HYDRO_RIVER	832.411789	8.323392	40.000000	0.000000	0.165000	0.165000	0.000000	0.000537	1.000000	0.073336	1.000000	0.033427	208.365300	
GEOTHERMAL	0.000000	0.000000	30.000000	0.000000	0.000000	0.000000	0.000000	0.000000	1.000000	0.000000	0.860000	0.041639	0.000000	
IND_COGEN_GAS	6193.975193	407.400805	25.000000	0.000000	4.399022	100.000000	0.000000	0.134019	1.000000	0.229542	0.850000	0.048263	4506.006671	
IND_COGEN_WOOD	0.000000	0.000000	25.000000	0.000000	0.000000	100.000000	0.000000	0.000000	1.000000	0.000000	0.850000	0.048263	0.000000	
IND_COGEN_WASTE	1033.537326	39.296414	25.000000	0.000000	0.353000	100.000000	0.000000	0.000000	1.000000	0.000000	0.850000	0.048263	228.680460	
IND_BOILER_GAS	314.463430	6.300269	17.000000	0.000000	5.339728	100.000000	0.000000	0.160449	1.000000	0.219038	0.950000	0.067080	65.785450	
IND_BOILER_WOOD	314.186421	6.283728	17.000000	0.000000	2.727802	100.000000	0.000000	0.099420	1.000000	0.274136	0.900000	0.067080	78.751652	
IND_BOILER_OIL	127.154640	2.734975	17.000000	0.000000	2.318000	100.000000	0.000000	0.000000	1.000000	0.000000	0.950000	0.067080	28.557760	
IND_BOILER_COAL	359.820208	7.196404	17.000000	0.000000	3.124000	100.000000	0.000000	0.000000	1.000000	0.000000	0.900000	0.067080	150.514320	
IND_BOILER_WASTE	243.838371	4.876767	17.000000	0.000000	2.117032	100.000000	0.000000	0.123762	1.000000	0.433324	0.900000	0.067080	61.118728	
IND_DIRECT_ELEC	2429.050918	11.019053	15.000000	0.000000	7.308849	100.000000	0.000000	0.482351	1.000000	0.494229	0.950000	0.074944	10.744008	
DHN_HP_ELEC	2995.745074	104.233084	25.000000	0.000000	8.689345	100.000000	0.000000	0.812082	1.000000	0.442773	0.950000	0.048263	1518.810620	
DHN_COGEN_GAS	874.809673	26.172394	25.000000	0.000000	0.697343	100.000000	0.000000	0.044017	1.000000	0.296193	0.850000	0.048263	342.311641	
DHN_COGEN_WOOD	392.328252	14.698118	25.000000	0.000000	0.363000	100.000000	0.000000	0.004877	1.000000	0.063238	0.850000	0.048263	60.014790	
DHN_COGEN_WET_BIOMASS	1605.220205	99.806438	25.000000	0.000000	0.462067	100.000000	0.000000	0.040788	1.000000	0.419178	0.800000	0.048263	473.156445	
DHN_COGEN_WASTE	149.321257	5.677386	25.000000	0.000000	0.051000	100.000000	0.000000	0.000000	1.000000	0.000000	0.850000	0.048263	33.038820	
DHN_BOILER_GAS	34.581689	0.692844	17.000000	0.000000	0.587212	100.000000	0.000000	0.010367	1.000000	0.082192	0.950000	0.067080	7.234456	
DHN_BOILER_WOOD	251.144449	5.022889	17.000000	0.000000	2.180465	100.000000	0.000000	0.087382	1.000000	0.189567	0.900000	0.067080	62.950016	
DHN_BOILER_OIL	135.898025	2.923037	17.000000	0.000000	2.477390	100.000000	0.000000	0.000486	1.000000	0.000914	0.950000	0.067080	30.521444	
DHN_DEEP_GEO	13.500000	0.252000	30.000000	0.000000	0.009000	100.000000	0.000000	0.000000	1.000000	0.000000	0.850000	0.041639	7.278840	
DHN_SOLAR	0.000000	0.000000	30.000000	0.000000	0.000000	100.000000	0.000000	0.000000	1.000000	0.000000	1.000000	0.041639	0.000000	
DEC_HP_ELEC	324.359702	13.876879	18.000000	0.000000	0.659213	100.000000	0.000000	0.017381	1.000000	0.283301	1.000000	0.063806	108.697712	
DEC_THHP_GAS	0.000000	0.000000	20.000000	0.000000	0.000000	100.000000	0.000000	0.000000	0.000000	0.000000	1.000000	0.058246	0.000000	
DEC_COGEN_GAS	684.892258	45.047913	20.000000	0.000000	0.486417	100.000000	0.000000	0.010144	1.000000	0.223966	1.000000	0.058246	498.246924	
DEC_COGEN_OIL	0.000000	0.000000	20.000000	0.000000	0.000000	100.000000	0.000000	0.000000	1.000000	0.000000	1.000000	0.058246	0.000000	
DEC_ADVCOGEN_GAS	0.000000	0.000000	20.000000	0.000000	0.000000	100.000000	0.000000	0.000000	1.000000	0.000000	1.000000	0.058246	0.000000	
DEC_ADVCOGEN_H2	0.000000	0.000000	20.000000	0.000000	0.000000	100.000000	0.000000	0.000000	1.000000	0.000000	1.000000	0.058246	0.000000	
DEC_BOILER_GAS	4527.739487	135.858928	17.000000	0.000000	28.559793	100.000000	0.000000	0.581677	1.000000	0.218515	1.000000	0.067080	602.326040	
DEC_BOILER_WOOD	863.926741	30.229739	17.000000	0.000000	1.868191	100.000000	0.000000	0.046683	1.000000	0.268216	1.000000	0.067080	39.400145	
DEC_BOILER_OIL	4127.163428	247.548375	17.000000	0.000000	28.986503	100.000000	0.000000	0.076545	1.000000	0.028347	1.000000	0.067080	611.325354	
DEC_SOLAR	26189.142479	294.666221	20.000000	0.000000	36.420608	100.000000	0.000000	0.267570	1.000000	0.079253	1.000000	0.058246	8056.967009	
DEC_DIRECT_ELEC	0.000000	0.000000	15.000000	0.000000	0.000000	100.000000	0.000000	0.000000	1.000000	0.000000	1.000000	0.074944	0.000000	
TRAMWAY_TROLLEY	0.000000	0.000000	10.000000	0.000000	16.700000	16.700000	0.000000	0.036170	0.300000	0.012240	1.000000	0.108434	0.000000	
BUS_COACH_DIESEL	0.000000	0.000000	10.000000	0.000000	16.700000	16.700000	0.000000	0.300000	0.300000	0.101523	1.000000	0.108434	0.000000	
BUS_COACH_HYDIESEL	0.000000	0.000000	10.000000	0.000000	16.700000	16.700000	0.000000	0.000000	0.300000	0.000000	1.000000	0.108434	0.000000	
BUS_COACH_CNG_STOICH	0.000000	0.000000	10.000000	0.000000	16.700000	16.700000	0.000000	0.063830	0.300000	0.021601	1.000000	0.108434	0.000000	
BUS_COACH_FC_HYBRIDH2	0.000000	0.000000	10.000000	0.000000	16.700000	16.700000	0.000000	0.000000	0.200000	0.000000	1.000000	0.108434	0.000000	
TRAIN_PUB	0.000000	0.000000	10.000000	0.000000	16.700000	16.700000	0.000000	0.600000	0.600000	0.203046	1.000000	0.108434	0.000000	
CAR_GASOLINE	0.000000	0.000000	10.000000	0.000000	16.700000	16.700000	0.000000	0.000000	1.000000	0.000000	1.000000	0.108434	0.000000	
CAR_DIESEL	0.000000	0.000000	10.000000	0.000000	16.700000	16.700000	0.000000	0.265756	1.000000	0.262489	1.000000	0.108434	0.000000	
CAR_NG	0.000000	0.000000	10.000000	0.000000	16.700000	16.700000	0.000000	0.000000	1.000000	0.000000	1.000000	0.108434	0.000000	
CAR_HEV	0.000000	0.000000	10.000000	0.000000	16.700000	16.700000	0.000000	0.000000	1.000000	0.000000	1.000000	0.108434	0.000000	
CAR_PHEV	0.000000	0.000000	10.000000	0.000000	16.700000	16.700000	0.000000	0.000000	1.000000	0.000000	1.000000	0.108434	0.000000	
CAR_BEV	0.000000	0.000000	10.000000	0.000000	16.700000	16.700000	0.000000	0.734244	1.000000	0.725216	1.000000	0.108434	0.000000	
CAR_FUEL_CELL	0.000000	0.000000	10.000000	0.000000	16.700000	16.700000	0.000000	0.000000	1.000000	0.000000	1.000000	0.108434	0.000000	
TRAIN_FREIGHT	0.000000	0.000000	10.000000	0.920000	10.000000	10.000000	0.000000	1.000000	1.000000	0.279680	1.000000	0.108434	0.000000	
BOAT_FREIGHT_DIESEL	0.000000	0.000000	10.000000	0.920000	10.000000	10.000000	0.000000	0.332245	1.000000	0.111507	1.000000	0.108434	0.000000	
BOAT_FREIGHT_NG	0.000000	0.000000	10.000000	0.920000	10.000000	10.000000	0.000000	0.667755	1.000000	0.224110	1.000000	0.108434	0.000000	
TRUCK_DIESEL	0.000000	0.000000	10.000000	0.920000	10.000000	10.000000	0.000000	0.046255	1.000000	0.023286	1.000000	0.108434	0.000000	
TRUCK_FUEL_CELL	0.000000	0.000000	10.000000	0.000000	10.000000	10.000000	0.000000	0.841678	1.000000	0.423721	1.000000	0.108434	0.000000	
TRUCK_NG	0.000000	0.000000	10.000000	0.000000	10.000000	10.000000	0.000000	0.112067	1.000000	0.056417	1.000000	0.108434	0.000000	
NON_ENERGY_OIL	0.000000	0.000000	10.000000	0.000000	100.000000	100.000000	0.000000	0.000000	1.000000	0.000000	1.000000	0.108434	0.000000	
NON_ENERGY_NG	0.000000	0.000000	10.000000	0.000000	100.000000	100.000000	0.000000	1.000000	1.000000	0.116818	1.000000	0.108434	0.000000	
TS_DHN_SEASONAL	17132.774245	95.182079	25.000000	0.000000	31727.359714	100000.000000	0.000000	-1.000000	1.000000	0.000000	1.000000	0.048263	
SEASONAL_NG	0.000000	0.000000	50.000000	0.000000	0.000000	100000.000000	0.000000	-1.000000	1.000000	0.000000	1.000000	0.028572	
SEASONAL_H2	0.000000	0.000000	20.000000	0.000000	0.000000	100000.000000	0.000000	-1.000000	1.000000	0.000000	1.000000	0.058246	
CO2_STORAGE	0.000000	0.000000	30.000000	0.000000	0.000000	100000.000000	0.000000	-1.000000	1.000000	0.000000	1.000000	0.041639	
EFFICIENCY	1712.305861	0.000000	10.000000	0.000000	0.985222	100.000000	0.000000	-1.000000	1.000000	0.000000	1.000000	0.108434	
DHN	12815.072618	0.000000	60.000000	0.000000	15.516822	100.000000	0.000000	-1.000000	1.000000	0.000000	1.000000	0.025393	
GRID	61365.760554	0.000000	80.000000	0.000000	1.072545	100.000000	0.000000	-1.000000	1.000000	0.000000	1.000000	0.021548	
H2_ELECTROLYSIS	3497.729892	349.804935	15.000000	0.000000	11.371589	1000.000000	0.000000	-1.000000	1.000000	0.442360	0.900000	0.074944	
H2_NG	721.643794	68.256095	25.000000	0.000000	1.059304	100.000000	0.000000	-1.000000	1.000000	0.319525	0.860000	0.048263	
H2_BIOMASS	0.000000	0.000000	25.000000	0.000000	0.000000	100.000000	0.000000	-1.000000	1.000000	0.000000	0.860000	0.048263	
GASIFICATION_SNG	0.000000	0.000000	25.000000	0.000000	0.000000	100.000000	0.000000	-1.000000	1.000000	0.000000	0.850000	0.048263	
PYROLYSIS	0.000000	0.000000	25.000000	0.000000	0.000000	100.000000	0.000000	-1.000000	1.000000	0.000000	0.850000	0.048263	
ATM_CCS	0.000000	0.000000	40.000000	0.000000	0.000000	100000.000000	0.000000	-1.000000	1.000000	0.000000	1.000000	0.033427	
INDUSTRY_CCS	4572.853915	114.853075	40.000000	0.000000	1.772424	100000.000000	0.000000	-1.000000	1.000000	0.417900	1.000000	0.033427	
SYN_METHANATION	15210.620492	601.012865	40.000000	0.000000	8.056473	100000.000000	0.000000	-1.000000	1.000000	0.417900	1.000000	0.033427	
BIOMETHANATION	1445.579377	12.184293	20.000000	0.000000	0.870307	100.000000	0.000000	-1.000000	1.000000	0.850000	0.850000	0.058246	