TECHNOLOGIES	 c_inv	 c_maint	 lifetime	  f_min	 f	 f_max	 fmin_perc	f_perc	 fmax_perc	 c_p	 c_p_max	 tau	 gwp_constr
 UNITS	[MCHCapitalf/GW]	 [MCHCapitalf/GW]	 [y]	 [GW or GWh]	 [GW or GWh]	 [GW or GWh]	 [0-1]	 [0-1]	 [0-1]	 [0-1]	 [0-1]	 [-]	 [ktCO2-eq./GW or GWh] 
NUCLEAR	0.000000	0.000000	60.000000	0.000000	0.000000	0.000000	0.000000	0.000000	1.000000	0.000000	0.849000	0.025393	0.000000	
CCGT	3030.067656	77.441474	25.000000	0.000000	3.925000	20.000000	0.000000	0.000000	1.000000	0.000000	0.850000	0.048263	721.375750	
COAL_US	0.000000	0.000000	35.000000	0.000000	0.000000	10.000000	0.000000	0.000000	1.000000	0.000000	0.868000	0.036934	0.000000	
COAL_IGCC	0.000000	0.000000	35.000000	0.000000	0.000000	10.000000	0.000000	0.000000	1.000000	0.000000	0.856000	0.036934	0.000000	
PV	530145.649646	4453.223457	25.000000	3.846000	530.145650	1000.000000	0.000000	0.978452	1.000000	0.059515	1.000000	0.048263	1103461.059544	
WIND_ONSHORE	10400.000000	126.000000	20.000000	0.000000	10.000000	10.000000	0.000000	0.015990	1.000000	0.051451	1.000000	0.058246	6228.500000	
WIND_OFFSHORE	5810.000000	119.875000	20.000000	0.000000	3.500000	3.500000	0.000000	0.005407	1.000000	0.049744	1.000000	0.058246	2179.975000	
HYDRO_RIVER	832.411789	8.323392	40.000000	0.000000	0.165000	0.165000	0.000000	0.000152	1.000000	0.029666	1.000000	0.033427	208.365300	
GEOTHERMAL	0.000000	0.000000	30.000000	0.000000	0.000000	0.000000	0.000000	0.000000	1.000000	0.000000	0.860000	0.041639	0.000000	
IND_COGEN_GAS	8230.607761	541.357710	25.000000	0.000000	5.845459	100.000000	0.000000	0.141916	1.000000	0.183869	0.850000	0.048263	5987.620602	
IND_COGEN_WOOD	0.000000	0.000000	25.000000	0.000000	0.000000	100.000000	0.000000	0.000000	1.000000	0.000000	0.850000	0.048263	0.000000	
IND_COGEN_WASTE	1033.537326	39.296414	25.000000	0.000000	0.353000	100.000000	0.000000	0.000000	1.000000	0.000000	0.850000	0.048263	228.680460	
IND_BOILER_GAS	147.046770	2.946079	17.000000	0.000000	2.496919	100.000000	0.000000	0.022405	1.000000	0.065995	0.950000	0.067080	30.762044	
IND_BOILER_WOOD	278.915091	5.578302	17.000000	0.000000	2.421573	100.000000	0.000000	0.153701	1.000000	0.476226	0.900000	0.067080	69.910800	
IND_BOILER_OIL	0.000000	0.000000	17.000000	0.000000	0.000000	100.000000	0.000000	0.000000	1.000000	0.000000	0.950000	0.067080	0.000000	
IND_BOILER_COAL	138.869446	2.777389	17.000000	0.000000	1.205680	100.000000	0.000000	0.057562	1.000000	0.360092	0.900000	0.067080	58.089679	
IND_BOILER_WASTE	471.162142	9.423243	17.000000	0.000000	4.090683	100.000000	0.000000	0.126095	1.000000	0.224256	0.900000	0.067080	118.098028	
IND_DIRECT_ELEC	2126.228856	9.645342	15.000000	0.000000	6.397678	100.000000	0.000000	0.498320	1.000000	0.580280	0.950000	0.074944	9.404586	
DHN_HP_ELEC	2995.745074	104.233084	25.000000	0.000000	8.689345	100.000000	0.000000	0.751443	1.000000	0.442773	0.950000	0.048263	1518.810620	
DHN_COGEN_GAS	480.453654	14.374124	25.000000	0.000000	0.382987	100.000000	0.000000	0.040383	1.000000	0.539309	0.850000	0.048263	188.000755	
DHN_COGEN_WOOD	392.328252	14.698118	25.000000	0.000000	0.363000	100.000000	0.000000	0.016937	1.000000	0.239204	0.850000	0.048263	60.014790	
DHN_COGEN_WET_BIOMASS	3052.661159	189.802766	25.000000	0.000000	0.878717	100.000000	0.000000	0.099843	1.000000	0.580964	0.800000	0.048263	899.805707	
DHN_COGEN_WASTE	149.321257	5.677386	25.000000	0.000000	0.051000	100.000000	0.000000	0.000000	1.000000	0.000000	0.850000	0.048263	33.038820	
DHN_BOILER_GAS	34.581689	0.692844	17.000000	0.000000	0.587212	100.000000	0.000000	0.009618	1.000000	0.082192	0.950000	0.067080	7.234456	
DHN_BOILER_WOOD	251.144449	5.022889	17.000000	0.000000	2.180465	100.000000	0.000000	0.081325	1.000000	0.189567	0.900000	0.067080	62.950016	
DHN_BOILER_OIL	363.282923	7.813870	17.000000	0.000000	6.622565	100.000000	0.000000	0.000451	1.000000	0.000342	0.950000	0.067080	81.589996	
DHN_DEEP_GEO	13.500000	0.252000	30.000000	0.000000	0.009000	100.000000	0.000000	0.000000	1.000000	0.000000	0.850000	0.041639	7.278840	
DHN_SOLAR	0.000000	0.000000	30.000000	0.000000	0.000000	100.000000	0.000000	0.000000	1.000000	0.000000	1.000000	0.041639	0.000000	
DEC_HP_ELEC	14916.790165	638.175741	18.000000	0.000000	30.316187	100.000000	0.000000	0.686385	1.000000	0.215326	1.000000	0.063806	4998.835999	
DEC_THHP_GAS	0.000000	0.000000	20.000000	0.000000	0.000000	100.000000	0.000000	0.000000	0.000000	0.000000	1.000000	0.058246	0.000000	
DEC_COGEN_GAS	0.000000	0.000000	20.000000	0.000000	0.000000	100.000000	0.000000	0.000000	1.000000	0.000000	1.000000	0.058246	0.000000	
DEC_COGEN_OIL	0.000000	0.000000	20.000000	0.000000	0.000000	100.000000	0.000000	0.000000	1.000000	0.000000	1.000000	0.058246	0.000000	
DEC_ADVCOGEN_GAS	0.000000	0.000000	20.000000	0.000000	0.000000	100.000000	0.000000	0.000000	1.000000	0.000000	1.000000	0.058246	0.000000	
DEC_ADVCOGEN_H2	0.000000	0.000000	20.000000	0.000000	0.000000	100.000000	0.000000	0.000000	1.000000	0.000000	1.000000	0.058246	0.000000	
DEC_BOILER_GAS	161.017492	4.831476	17.000000	0.000000	1.015656	100.000000	0.000000	0.011654	1.000000	0.110088	1.000000	0.067080	21.420187	
DEC_BOILER_WOOD	0.000000	0.000000	17.000000	0.000000	0.000000	100.000000	0.000000	0.000000	1.000000	0.000000	1.000000	0.067080	0.000000	
DEC_BOILER_OIL	0.000000	0.000000	17.000000	0.000000	0.000000	100.000000	0.000000	0.000000	1.000000	0.000000	1.000000	0.067080	0.000000	
DEC_SOLAR	27793.483128	312.717404	20.000000	0.000000	38.651726	100.000000	0.000000	0.301962	1.000000	0.074678	1.000000	0.058246	8550.534895	
DEC_DIRECT_ELEC	0.000000	0.000000	15.000000	0.000000	0.000000	100.000000	0.000000	0.000000	1.000000	0.000000	1.000000	0.074944	0.000000	
TRAMWAY_TROLLEY	0.000000	0.000000	10.000000	0.000000	16.700000	16.700000	0.000000	0.300000	0.300000	0.097834	1.000000	0.108434	0.000000	
BUS_COACH_DIESEL	0.000000	0.000000	10.000000	0.000000	16.700000	16.700000	0.000000	0.000000	0.300000	0.000000	1.000000	0.108434	0.000000	
BUS_COACH_HYDIESEL	0.000000	0.000000	10.000000	0.000000	16.700000	16.700000	0.000000	0.000000	0.300000	0.000000	1.000000	0.108434	0.000000	
BUS_COACH_CNG_STOICH	0.000000	0.000000	10.000000	0.000000	16.700000	16.700000	0.000000	0.000000	0.300000	0.000000	1.000000	0.108434	0.000000	
BUS_COACH_FC_HYBRIDH2	0.000000	0.000000	10.000000	0.000000	16.700000	16.700000	0.000000	0.100000	0.200000	0.032611	1.000000	0.108434	0.000000	
TRAIN_PUB	0.000000	0.000000	10.000000	0.000000	16.700000	16.700000	0.000000	0.600000	0.600000	0.195669	1.000000	0.108434	0.000000	
CAR_GASOLINE	0.000000	0.000000	10.000000	0.000000	16.700000	16.700000	0.000000	0.000000	1.000000	0.000000	1.000000	0.108434	0.000000	
CAR_DIESEL	0.000000	0.000000	10.000000	0.000000	16.700000	16.700000	0.000000	0.000000	1.000000	0.000000	1.000000	0.108434	0.000000	
CAR_NG	0.000000	0.000000	10.000000	0.000000	16.700000	16.700000	0.000000	0.000000	1.000000	0.000000	1.000000	0.108434	0.000000	
CAR_HEV	0.000000	0.000000	10.000000	0.000000	16.700000	16.700000	0.000000	0.000000	1.000000	0.000000	1.000000	0.108434	0.000000	
CAR_PHEV	0.000000	0.000000	10.000000	0.000000	16.700000	16.700000	0.000000	0.000000	1.000000	0.000000	1.000000	0.108434	0.000000	
CAR_BEV	0.000000	0.000000	10.000000	0.000000	16.700000	16.700000	0.000000	1.000000	1.000000	1.000000	1.000000	0.108434	0.000000	
CAR_FUEL_CELL	0.000000	0.000000	10.000000	0.000000	16.700000	16.700000	0.000000	0.000000	1.000000	0.000000	1.000000	0.108434	0.000000	
TRAIN_FREIGHT	0.000000	0.000000	10.000000	0.920000	10.000000	10.000000	0.000000	1.000000	1.000000	0.279680	1.000000	0.108434	0.000000	
BOAT_FREIGHT_DIESEL	0.000000	0.000000	10.000000	0.920000	10.000000	10.000000	0.000000	0.000000	1.000000	0.000000	1.000000	0.108434	0.000000	
BOAT_FREIGHT_NG	0.000000	0.000000	10.000000	0.920000	10.000000	10.000000	0.000000	1.000000	1.000000	0.335616	1.000000	0.108434	0.000000	
TRUCK_DIESEL	0.000000	0.000000	10.000000	0.920000	10.000000	10.000000	0.000000	0.000000	1.000000	0.000000	1.000000	0.108434	0.000000	
TRUCK_FUEL_CELL	0.000000	0.000000	10.000000	0.000000	10.000000	10.000000	0.000000	1.000000	1.000000	0.503425	1.000000	0.108434	0.000000	
TRUCK_NG	0.000000	0.000000	10.000000	0.000000	10.000000	10.000000	0.000000	0.000000	1.000000	0.000000	1.000000	0.108434	0.000000	
NON_ENERGY_OIL	0.000000	0.000000	10.000000	0.000000	100.000000	100.000000	0.000000	0.000000	1.000000	0.000000	1.000000	0.108434	0.000000	
NON_ENERGY_NG	0.000000	0.000000	10.000000	0.000000	100.000000	100.000000	0.000000	1.000000	1.000000	0.116818	1.000000	0.108434	0.000000	
TS_DHN_SEASONAL	18817.501798	104.541677	25.000000	0.000000	34847.225551	100000.000000	0.000000	-1.000000	1.000000	0.000000	1.000000	0.048263	
SEASONAL_NG	0.000000	0.000000	50.000000	0.000000	0.000000	100000.000000	0.000000	-1.000000	1.000000	0.000000	1.000000	0.028572	
SEASONAL_H2	26840.603145	1189.526730	20.000000	0.000000	3050.068539	100000.000000	0.000000	-1.000000	1.000000	0.000000	1.000000	0.058246	
CO2_STORAGE	0.000000	0.000000	30.000000	0.000000	0.000000	100000.000000	0.000000	-1.000000	1.000000	0.000000	1.000000	0.041639	
EFFICIENCY	1712.305861	0.000000	10.000000	0.000000	0.985222	100.000000	0.000000	-1.000000	1.000000	0.000000	1.000000	0.108434	
DHN	16322.983015	0.000000	60.000000	0.000000	19.764290	100.000000	0.000000	-1.000000	1.000000	0.000000	1.000000	0.025393	
GRID	65529.360042	0.000000	80.000000	0.000000	1.145316	100.000000	0.000000	-1.000000	1.000000	0.000000	1.000000	0.021548	
H2_ELECTROLYSIS	5331.671892	533.215885	15.000000	0.000000	17.333980	1000.000000	0.000000	-1.000000	1.000000	0.608856	0.900000	0.074944	
H2_NG	0.000000	0.000000	25.000000	0.000000	0.000000	100.000000	0.000000	-1.000000	1.000000	0.000000	0.860000	0.048263	
H2_BIOMASS	0.000000	0.000000	25.000000	0.000000	0.000000	100.000000	0.000000	-1.000000	1.000000	0.000000	0.860000	0.048263	
GASIFICATION_SNG	0.000000	0.000000	25.000000	0.000000	0.000000	100.000000	0.000000	-1.000000	1.000000	0.000000	0.850000	0.048263	
PYROLYSIS	0.000000	0.000000	25.000000	0.000000	0.000000	100.000000	0.000000	-1.000000	1.000000	0.000000	0.850000	0.048263	
ATM_CCS	0.000000	0.000000	40.000000	0.000000	0.000000	100000.000000	0.000000	-1.000000	1.000000	0.000000	1.000000	0.033427	
INDUSTRY_CCS	6749.827278	169.530546	40.000000	0.000000	2.616212	100000.000000	0.000000	-1.000000	1.000000	0.601396	1.000000	0.033427	
SYN_METHANATION	22451.856767	887.133747	40.000000	0.000000	11.891873	100000.000000	0.000000	-1.000000	1.000000	0.601396	1.000000	0.033427	
BIOMETHANATION	0.000000	0.000000	20.000000	0.000000	0.000000	100.000000	0.000000	-1.000000	1.000000	0.000000	0.850000	0.058246	